隣接性情報配列の中身
出力元：MeshData.cpp
ポリゴンインデックス : 隣接するポリゴンインデックス1, 2, 3

   0 : 1276,25,1,
   1 : 0,34,6,
   2 : 53,23,3,
   3 : 2,1281,13,
   4 : 1277,19,5,
   5 : 4,40,10,
   6 : 1276,1,7,
   7 : 6,32,16,
   8 : 49,14,9,
   9 : 8,1280,22,
  10 : 5,39,11,
  11 : 10,24,1277,
  12 : 1282,56,13,
  13 : 12,26,3,
  14 : 8,47,15,
  15 : 14,20,1279,
  16 : 1286,7,17,
  17 : 16,30,55,
  18 : 21,43,19,
  19 : 18,4,1283,
  20 : 15,45,21,
  21 : 20,18,1287,
  22 : 51,9,23,
  23 : 22,1298,2,
  24 : 11,37,25,
  25 : 24,0,1291,
  26 : 13,29,27,
  27 : 26,-1,53,
  28 : 1290,31,29,
  29 : 28,-1,26,
  30 : 17,33,31,
  31 : 30,-1,28,
  32 : 7,35,33,
  33 : 32,-1,30,
  34 : 1,36,35,
  35 : 34,-1,32,
  36 : -1,34,37,
  37 : 36,24,38,
  38 : -1,37,39,
  39 : 38,10,41,
  40 : 5,42,41,
  41 : 40,-1,39,
  42 : -1,40,43,
  43 : 42,18,44,
  44 : -1,43,45,
  45 : 44,20,46,
  46 : -1,45,47,
  47 : 46,14,48,
  48 : -1,47,49,
  49 : 48,8,50,
  50 : -1,49,51,
  51 : 50,22,52,
  52 : -1,51,53,
  53 : 52,2,27,
  54 : 1290,1300,55,
  55 : 54,1285,17,
  56 : 1289,12,57,
  57 : 56,1282,1299,
  58 : 1302,67,59,
  59 : 58,-1,64,
  60 : -1,69,61,
  61 : 60,1307,73,
  62 : 1303,75,63,
  63 : 62,-1,66,
  64 : 1302,59,65,
  65 : 64,-1,76,
  66 : 1303,63,67,
  67 : 66,-1,58,
  68 : 70,1306,69,
  69 : 68,60,-1,
  70 : 1305,68,71,
  71 : 70,-1,74,
  72 : 1308,77,73,
  73 : 72,-1,61,
  74 : 1309,71,75,
  75 : 74,-1,62,
  76 : 1312,65,77,
  77 : 76,-1,72,
  78 : 1314,89,79,
  79 : 78,-1,84,
  80 : -1,87,81,
  81 : 80,1323,95,
  82 : 1317,101,83,
  83 : 82,-1,92,
  84 : 1314,79,85,
  85 : 84,-1,98,
  86 : -1,91,87,
  87 : 86,1322,80,
  88 : 93,-1,89,
  89 : 88,78,1315,
  90 : -1,96,91,
  91 : 90,1320,86,
  92 : 83,-1,93,
  93 : 92,88,1317,
  94 : 1324,99,95,
  95 : 94,-1,81,
  96 : 90,-1,97,
  97 : 96,100,1319,
  98 : 1330,85,99,
  99 : 98,-1,94,
 100 : 97,-1,101,
 101 : 100,82,1325,
 102 : 1120,1122,103,
 103 : 102,1116,1114,
 104 : 922,327,105,
 105 : 104,737,106,
 106 : 924,105,107,
 107 : 106,735,391,
 108 : 928,390,109,
 109 : 108,739,126,
 110 : 916,133,111,
 111 : 110,749,384,
 112 : 932,127,113,
 113 : 112,1775,936,
 114 : 912,129,115,
 115 : 114,747,132,
 116 : 882,940,117,
 117 : 116,1777,130,
 118 : 906,139,119,
 119 : 118,805,122,
 120 : 888,125,121,
 121 : 120,1781,148,
 122 : 908,119,123,
 123 : 122,801,128,
 124 : 886,131,125,
 125 : 124,1779,120,
 126 : 930,109,127,
 127 : 126,745,112,
 128 : 910,123,129,
 129 : 128,803,114,
 130 : 884,117,131,
 131 : 130,1968,124,
 132 : 914,115,133,
 133 : 132,743,110,
 134 : 937,935,135,
 135 : 134,933,939,
 136 : 902,325,137,
 137 : 136,797,138,
 138 : 904,137,139,
 139 : 138,799,118,
 140 : 898,1149,141,
 141 : 140,2187,324,
 142 : 896,145,143,
 143 : 142,1146,1148,
 144 : 894,1152,145,
 145 : 144,1150,142,
 146 : 892,149,147,
 147 : 146,2181,1153,
 148 : 890,121,149,
 149 : 148,2179,146,
 150 : 157,783,151,
 151 : 150,188,2275,
 152 : 2286,187,153,
 153 : 152,1719,154,
 154 : 1422,153,155,
 155 : 154,1718,158,
 156 : 1600,161,157,
 157 : 156,775,150,
 158 : 1608,155,159,
 159 : 158,1432,184,
 160 : 1621,165,161,
 161 : 160,777,156,
 162 : 1631,185,163,
 163 : 162,1794,166,
 164 : 1647,169,165,
 165 : 164,779,160,
 166 : 1657,163,167,
 167 : 166,1796,182,
 168 : 1673,171,169,
 169 : 168,781,164,
 170 : 1672,173,171,
 171 : 170,2706,168,
 172 : 1674,175,173,
 173 : 172,2708,170,
 174 : 1676,177,175,
 175 : 174,2710,172,
 176 : 1678,179,177,
 177 : 176,1697,174,
 178 : 1680,181,179,
 179 : 178,1699,176,
 180 : 1682,183,181,
 181 : 180,1701,178,
 182 : 1683,167,183,
 183 : 182,1798,180,
 184 : 1720,159,185,
 185 : 184,1609,162,
 186 : 189,771,2274,
 187 : 2281,1420,152,
 188 : 2289,151,189,
 189 : 188,773,186,
 190 : 582,1035,191,
 191 : 190,2659,198,
 192 : 244,197,193,
 193 : 192,761,210,
 194 : 240,213,195,
 195 : 194,767,196,
 196 : 242,195,197,
 197 : 196,755,192,
 198 : 247,191,199,
 199 : 198,2661,1026,
 200 : 232,203,201,
 201 : 200,757,214,
 202 : 230,205,203,
 203 : 202,789,200,
 204 : 228,217,205,
 205 : 204,791,202,
 206 : 236,215,207,
 207 : 206,769,212,
 208 : 2592,1033,209,
 209 : 208,795,2810,
 210 : 193,759,211,
 211 : 210,1032,245,
 212 : 238,207,213,
 213 : 212,763,194,
 214 : 234,201,215,
 215 : 214,765,206,
 216 : 226,219,217,
 217 : 216,2163,204,
 218 : 224,1188,219,
 219 : 218,2189,216,
 220 : 1191,1189,221,
 221 : 220,1187,1193,
 222 : 223,1583,1194,
 223 : 2292,222,224,
 224 : 223,218,225,
 225 : 2291,224,226,
 226 : 225,216,227,
 227 : 1581,226,228,
 228 : 227,204,229,
 229 : 1580,228,230,
 230 : 229,202,231,
 231 : 1580,230,232,
 232 : 231,200,233,
 233 : 2093,232,234,
 234 : 233,214,235,
 235 : 1598,234,236,
 236 : 235,206,237,
 237 : 2058,236,238,
 238 : 237,212,239,
 239 : 1556,238,240,
 240 : 239,194,241,
 241 : 1558,240,242,
 242 : 241,196,243,
 243 : 1554,242,244,
 244 : 243,192,245,
 245 : 244,211,1716,
 246 : 584,1552,1034,
 247 : 586,198,1559,
 248 : 1047,251,249,
 249 : 248,2031,252,
 250 : 1045,291,251,
 251 : 250,2032,248,
 252 : 1049,249,253,
 253 : 252,1387,1093,
 254 : 1039,257,255,
 255 : 254,2055,1101,
 256 : 1037,259,257,
 257 : 256,2056,254,
 258 : 1089,293,259,
 259 : 258,2750,256,
 260 : 1083,297,261,
 261 : 260,675,266,
 262 : 1055,265,263,
 263 : 262,1735,294,
 264 : 1053,1097,265,
 265 : 264,1761,262,
 266 : 1085,261,267,
 267 : 266,673,292,
 268 : 1079,273,269,
 269 : 268,685,296,
 270 : 1059,295,271,
 271 : 270,1924,286,
 272 : 1077,275,273,
 273 : 272,679,268,
 274 : 1075,277,275,
 275 : 274,671,272,
 276 : 1073,279,277,
 277 : 276,669,274,
 278 : 1071,281,279,
 279 : 278,667,276,
 280 : 1069,283,281,
 281 : 280,665,278,
 282 : 1067,285,283,
 283 : 282,663,280,
 284 : 1065,289,285,
 285 : 284,661,282,
 286 : 1061,271,287,
 287 : 286,681,288,
 288 : 1063,287,289,
 289 : 288,659,284,
 290 : 1043,1105,291,
 291 : 290,1639,250,
 292 : 1087,267,293,
 293 : 292,683,258,
 294 : 1057,263,295,
 295 : 294,2239,270,
 296 : 1081,269,297,
 297 : 296,677,260,
 298 : 846,1186,299,
 299 : 298,1753,1144,
 300 : 856,311,301,
 301 : 300,2117,874,
 302 : 850,305,303,
 303 : 302,697,306,
 304 : 848,1137,305,
 305 : 304,699,302,
 306 : 852,303,307,
 307 : 306,695,310,
 308 : 862,313,309,
 309 : 308,1758,318,
 310 : 854,307,311,
 311 : 310,1952,300,
 312 : 860,878,313,
 313 : 312,2115,308,
 314 : 868,317,315,
 315 : 314,2149,1182,
 316 : 866,319,317,
 317 : 316,2146,314,
 318 : 864,309,319,
 319 : 318,2145,316,
 320 : 1183,1181,321,
 321 : 320,1179,1185,
 322 : 875,873,323,
 323 : 322,871,877,
 324 : 141,807,325,
 325 : 324,136,899,
 326 : 920,385,327,
 327 : 326,751,104,
 328 : 1398,375,329,
 329 : 328,921,330,
 330 : 1404,329,331,
 331 : 330,923,332,
 332 : 1412,331,333,
 333 : 332,925,334,
 334 : 1423,333,335,
 335 : 334,927,336,
 336 : 1522,335,337,
 337 : 336,929,338,
 338 : 1444,337,339,
 339 : 338,931,340,
 340 : 1998,339,341,
 341 : 340,879,387,
 342 : 2324,386,343,
 343 : 342,2312,344,
 344 : 2322,343,345,
 345 : 344,2314,346,
 346 : 2320,345,347,
 347 : 346,2316,348,
 348 : 2321,347,349,
 349 : 348,2318,388,
 350 : 2029,389,351,
 351 : 350,891,352,
 352 : 2027,351,353,
 353 : 352,1157,354,
 354 : 2025,353,355,
 355 : 354,1159,356,
 356 : 2023,355,357,
 357 : 356,897,358,
 358 : 357,900,359,
 359 : 358,360,2293,
 360 : 2021,359,361,
 361 : 360,901,362,
 362 : 2021,361,363,
 363 : 362,903,376,
 364 : 2310,2306,365,
 365 : 364,907,379,
 366 : 1959,379,367,
 367 : 366,909,368,
 368 : 1459,367,369,
 369 : 368,911,370,
 370 : 1989,369,371,
 371 : 370,913,372,
 372 : 1435,371,373,
 373 : 372,915,382,
 374 : 2304,383,375,
 375 : 374,919,328,
 376 : 363,2305,377,
 377 : 376,380,2020,
 378 : 1959,381,379,
 379 : 378,365,366,
 380 : 377,2307,2294,
 381 : 2310,378,2295,
 382 : 2272,373,383,
 383 : 382,918,374,
 384 : 111,741,385,
 385 : 384,326,917,
 386 : 342,2326,387,
 387 : 386,341,2311,
 388 : 349,2319,389,
 389 : 388,350,2028,
 390 : 108,926,391,
 391 : 390,107,753,
 392 : 1344,415,393,
 393 : 392,2438,427,
 394 : 1356,397,395,
 395 : 394,1610,497,
 396 : 1374,448,397,
 397 : 396,2492,394,
 398 : 535,420,399,
 399 : 398,-1,418,
 400 : 2532,442,401,
 401 : 400,2433,414,
 402 : 549,413,403,
 403 : 402,1416,451,
 404 : 545,426,405,
 405 : 404,1418,412,
 406 : 561,438,407,
 407 : 406,1510,408,
 408 : 563,407,409,
 409 : 408,1512,421,
 410 : 567,422,411,
 411 : 410,1515,423,
 412 : 547,405,413,
 413 : 412,1562,402,
 414 : 1579,401,415,
 415 : 414,2435,392,
 416 : 541,430,417,
 417 : 416,2485,425,
 418 : 537,399,419,
 419 : 418,2487,429,
 420 : 533,-1,398,
 421 : 565,409,422,
 422 : 421,1883,410,
 423 : 569,411,424,
 424 : 423,2043,504,
 425 : 543,417,426,
 426 : 425,2063,404,
 427 : 2083,393,428,
 428 : 427,2439,443,
 429 : 539,419,430,
 430 : 429,2486,416,
 431 : 2540,446,432,
 432 : 431,2393,449,
 433 : 555,456,434,
 434 : 433,2176,435,
 435 : 557,434,436,
 436 : 435,1811,437,
 437 : 559,436,438,
 438 : 437,1847,406,
 439 : 2534,2799,440,
 440 : 439,2504,441,
 441 : 2334,440,442,
 442 : 441,2506,400,
 443 : 2336,428,444,
 444 : 443,2423,445,
 445 : 2540,444,446,
 446 : 445,2408,431,
 447 : 2337,450,448,
 448 : 447,1897,396,
 449 : 2365,432,450,
 450 : 449,2366,447,
 451 : 576,403,452,
 452 : 451,1543,453,
 453 : 551,452,454,
 454 : 453,1338,455,
 455 : 553,454,456,
 456 : 455,1783,433,
 457 : 636,470,458,
 458 : 457,2171,459,
 459 : 638,458,460,
 460 : 459,2169,471,
 461 : 642,1209,462,
 462 : 461,2683,1396,
 463 : 645,476,464,
 464 : 463,2499,491,
 465 : 626,478,466,
 466 : 465,2612,473,
 467 : 632,494,468,
 468 : 467,2175,469,
 469 : 634,468,470,
 470 : 469,2173,457,
 471 : 640,460,472,
 472 : 471,2501,489,
 473 : 627,466,474,
 474 : 473,1589,2067,
 475 : 643,944,476,
 476 : 475,2078,463,
 477 : 624,480,478,
 478 : 477,2496,465,
 479 : 657,482,480,
 480 : 479,1823,477,
 481 : 655,484,482,
 482 : 481,1860,479,
 483 : 653,486,484,
 484 : 483,1536,481,
 485 : 651,488,486,
 486 : 485,1538,483,
 487 : 649,492,488,
 488 : 487,1895,485,
 489 : 642,472,490,
 490 : 489,1359,1209,
 491 : 647,464,492,
 492 : 491,2497,487,
 493 : 630,1165,494,
 494 : 493,1336,467,
 495 : 1828,498,496,
 496 : 495,1829,499,
 497 : 1865,395,498,
 498 : 497,1866,495,
 499 : 496,1335,2493,
 500 : 573,505,501,
 501 : 500,2338,502,
 502 : 574,501,503,
 503 : 502,2502,506,
 504 : 571,424,505,
 505 : 504,1516,500,
 506 : 503,2431,2507,
 507 : 605,526,508,
 508 : 507,1234,515,
 509 : 609,516,510,
 510 : 509,1230,529,
 511 : 611,2585,512,
 512 : 511,1352,513,
 513 : 613,512,514,
 514 : 513,2544,517,
 515 : 607,508,516,
 516 : 515,1232,509,
 517 : 615,514,518,
 518 : 517,1221,519,
 519 : 617,518,520,
 520 : 519,1219,521,
 521 : 619,520,522,
 522 : 521,1217,523,
 523 : 621,522,524,
 524 : 523,1215,527,
 525 : 603,1210,526,
 526 : 525,1236,507,
 527 : 622,524,528,
 528 : 527,1214,2586,
 529 : 610,510,530,
 530 : 529,1228,1017,
 531 : 1863,1864,532,
 532 : 1826,531,533,
 533 : 532,420,534,
 534 : 1377,533,535,
 535 : 534,398,536,
 536 : 1789,535,537,
 537 : 536,418,538,
 538 : 2100,537,539,
 539 : 538,429,540,
 540 : 1588,539,541,
 541 : 540,416,542,
 542 : 2066,541,543,
 543 : 542,425,544,
 544 : 1429,543,545,
 545 : 544,404,546,
 546 : 1565,545,547,
 547 : 546,412,548,
 548 : 1427,547,549,
 549 : 548,402,578,
 550 : 2482,580,551,
 551 : 550,453,552,
 552 : 2484,551,553,
 553 : 552,455,554,
 554 : 2328,553,555,
 555 : 554,433,556,
 556 : 2329,555,557,
 557 : 556,435,558,
 558 : 2331,557,559,
 559 : 558,437,560,
 560 : 1493,559,561,
 561 : 560,406,562,
 562 : 1495,561,563,
 563 : 562,408,564,
 564 : 1885,563,565,
 565 : 564,421,566,
 566 : 1496,565,567,
 567 : 566,410,568,
 568 : 2041,567,569,
 569 : 568,423,570,
 570 : 2505,569,571,
 571 : 570,504,572,
 572 : 2428,571,573,
 573 : 572,500,574,
 574 : 573,502,2503,
 575 : 2526,578,576,
 576 : 575,451,579,
 577 : 600,2514,578,
 578 : 577,549,575,
 579 : 602,576,580,
 580 : 579,550,2675,
 581 : 2521,584,582,
 582 : 581,190,585,
 583 : 592,2670,584,
 584 : 583,246,581,
 585 : 594,582,586,
 586 : 585,247,2515,
 587 : 596,2516,588,
 588 : 587,599,2518,
 589 : 598,2517,590,
 590 : 589,601,2673,
 591 : 597,2671,592,
 592 : 591,583,2520,
 593 : 595,2521,594,
 594 : 593,585,2519,
 595 : 593,2524,596,
 596 : 595,587,2522,
 597 : 591,2523,598,
 598 : 597,589,2672,
 599 : 588,2527,600,
 600 : 599,577,2525,
 601 : 590,2526,602,
 602 : 601,579,2674,
 603 : 2068,525,604,
 604 : 1332,603,605,
 605 : 604,507,606,
 606 : 1568,605,607,
 607 : 606,515,608,
 608 : 1390,607,609,
 609 : 608,509,610,
 610 : 609,529,2508,
 611 : 1547,511,612,
 612 : 1549,611,613,
 613 : 612,513,614,
 614 : 1888,613,615,
 615 : 614,517,616,
 616 : 1890,615,617,
 617 : 616,519,618,
 618 : 1892,617,619,
 619 : 618,521,620,
 620 : 1893,619,621,
 621 : 620,523,622,
 622 : 621,527,2075,
 623 : 2567,657,624,
 624 : 623,477,625,
 625 : 2565,624,626,
 626 : 625,465,627,
 627 : 626,473,2572,
 628 : 1175,1162,2557,
 629 : 2555,1163,630,
 630 : 629,493,631,
 631 : 2552,630,632,
 632 : 631,467,633,
 633 : 2550,632,634,
 634 : 633,469,635,
 635 : 2548,634,636,
 636 : 635,457,637,
 637 : 2546,636,638,
 638 : 637,459,639,
 639 : 1886,638,640,
 640 : 639,471,641,
 641 : 2542,640,642,
 642 : 641,489,461,
 643 : 2077,475,644,
 644 : 1592,643,645,
 645 : 644,463,646,
 646 : 2364,645,647,
 647 : 646,491,648,
 648 : 2112,647,649,
 649 : 648,487,650,
 650 : 2109,649,651,
 651 : 650,485,652,
 652 : 2107,651,653,
 653 : 652,483,654,
 654 : 2106,653,655,
 655 : 654,481,656,
 656 : 2104,655,657,
 657 : 656,479,623,
 658 : -1,661,659,
 659 : 658,289,680,
 660 : -1,663,661,
 661 : 660,285,658,
 662 : -1,665,663,
 663 : 662,283,660,
 664 : -1,667,665,
 665 : 664,281,662,
 666 : -1,669,667,
 667 : 666,279,664,
 668 : -1,671,669,
 669 : 668,277,666,
 670 : -1,679,671,
 671 : 670,275,668,
 672 : -1,683,673,
 673 : 672,267,674,
 674 : -1,673,675,
 675 : 674,261,676,
 676 : -1,675,677,
 677 : 676,297,684,
 678 : -1,685,679,
 679 : 678,273,670,
 680 : -1,659,681,
 681 : 680,287,686,
 682 : -1,810,683,
 683 : 682,293,672,
 684 : -1,677,685,
 685 : 684,269,678,
 686 : -1,681,687,
 687 : 686,1925,690,
 688 : -1,691,689,
 689 : 688,2119,692,
 690 : -1,687,691,
 691 : 690,1951,688,
 692 : -1,689,693,
 693 : 692,1952,694,
 694 : -1,693,695,
 695 : 694,307,696,
 696 : -1,695,697,
 697 : 696,303,698,
 698 : -1,697,699,
 699 : 698,305,706,
 700 : -1,709,701,
 701 : 700,2479,2573,
 702 : -1,707,703,
 703 : 702,1955,704,
 704 : -1,703,705,
 705 : 704,1957,708,
 706 : -1,699,707,
 707 : 706,2152,702,
 708 : -1,705,709,
 709 : 708,2263,700,
 710 : -1,723,711,
 711 : 710,1774,744,
 712 : -1,808,713,
 713 : 712,1343,718,
 714 : -1,721,715,
 715 : 714,1350,726,
 716 : -1,733,717,
 717 : 716,2054,730,
 718 : -1,713,719,
 719 : 718,2348,732,
 720 : -1,729,721,
 721 : 720,1370,714,
 722 : -1,725,723,
 723 : 722,1334,710,
 724 : -1,727,725,
 725 : 724,1803,722,
 726 : -1,715,727,
 727 : 726,1840,724,
 728 : -1,731,729,
 729 : 728,1877,720,
 730 : -1,717,731,
 731 : 730,1358,728,
 732 : -1,719,733,
 733 : 732,1366,716,
 734 : -1,753,735,
 735 : 734,107,736,
 736 : -1,735,737,
 737 : 736,105,750,
 738 : -1,745,739,
 739 : 738,109,752,
 740 : -1,751,741,
 741 : 740,384,748,
 742 : -1,749,743,
 743 : 742,133,746,
 744 : -1,711,745,
 745 : 744,127,738,
 746 : -1,743,747,
 747 : 746,115,802,
 748 : -1,741,749,
 749 : 748,111,742,
 750 : -1,737,751,
 751 : 750,327,740,
 752 : -1,739,753,
 753 : 752,391,734,
 754 : -1,761,755,
 755 : 754,197,766,
 756 : -1,765,757,
 757 : 756,201,788,
 758 : -1,-1,759,
 759 : 758,210,760,
 760 : -1,759,761,
 761 : 760,193,754,
 762 : -1,767,763,
 763 : 762,213,768,
 764 : -1,769,765,
 765 : 764,215,756,
 766 : -1,755,767,
 767 : 766,195,762,
 768 : -1,763,769,
 769 : 768,207,764,
 770 : -1,785,771,
 771 : 770,186,772,
 772 : -1,771,773,
 773 : 772,189,782,
 774 : -1,783,775,
 775 : 774,157,776,
 776 : -1,775,777,
 777 : 776,161,778,
 778 : -1,777,779,
 779 : 778,165,780,
 780 : -1,779,781,
 781 : 780,169,812,
 782 : -1,773,783,
 783 : 782,150,774,
 784 : -1,787,785,
 785 : 784,1596,770,
 786 : -1,791,787,
 787 : 786,2164,784,
 788 : -1,757,789,
 789 : 788,203,790,
 790 : -1,789,791,
 791 : 790,205,786,
 792 : -1,807,793,
 793 : 792,2188,794,
 794 : -1,793,795,
 795 : 794,209,-1,
 796 : -1,799,797,
 797 : 796,137,806,
 798 : -1,805,799,
 799 : 798,139,796,
 800 : -1,803,801,
 801 : 800,123,804,
 802 : -1,747,803,
 803 : 802,129,800,
 804 : -1,801,805,
 805 : 804,119,798,
 806 : -1,797,807,
 807 : 806,324,792,
 808 : -1,2697,712,
 809 : -1,811,810,
 810 : 809,2750,682,
 811 : -1,2733,809,
 812 : 781,2706,-1,
 813 : 1274,822,814,
 814 : 813,2437,817,
 815 : 830,818,816,
 816 : 815,2151,819,
 817 : 844,814,818,
 818 : 817,2456,815,
 819 : 832,816,820,
 820 : 819,2148,823,
 821 : 1273,826,822,
 822 : 821,2440,813,
 823 : 834,820,824,
 824 : 823,2147,827,
 825 : 1271,828,826,
 826 : 825,2442,821,
 827 : 836,824,828,
 828 : 827,2463,825,
 829 : 2457,844,830,
 830 : 829,815,831,
 831 : 2460,830,832,
 832 : 831,819,833,
 833 : 2462,832,834,
 834 : 833,823,835,
 835 : 2462,834,836,
 836 : 835,827,837,
 837 : 2461,836,838,
 838 : 837,1271,839,
 839 : 2459,838,840,
 840 : 839,1272,841,
 841 : 2458,840,842,
 842 : 841,1274,843,
 843 : 2458,842,844,
 844 : 843,817,829,
 845 : 1755,870,846,
 846 : 845,298,1126,
 847 : 1953,1135,848,
 848 : 847,304,849,
 849 : 1953,848,850,
 850 : 849,302,851,
 851 : 2091,850,852,
 852 : 851,306,853,
 853 : 2120,852,854,
 854 : 853,310,855,
 855 : 1928,854,856,
 856 : 855,300,857,
 857 : 2233,856,858,
 858 : 857,876,859,
 859 : 2121,858,860,
 860 : 859,312,861,
 861 : 2114,860,862,
 862 : 861,308,863,
 863 : 2142,862,864,
 864 : 863,318,865,
 865 : 2127,864,866,
 866 : 865,316,867,
 867 : 2124,866,868,
 868 : 867,314,869,
 869 : 2143,868,870,
 870 : 869,1184,845,
 871 : 323,874,872,
 872 : 871,2234,877,
 873 : 322,876,874,
 874 : 873,301,871,
 875 : 322,878,876,
 876 : 875,858,873,
 877 : 323,872,878,
 878 : 877,312,875,
 879 : 341,932,880,
 880 : 879,938,881,
 881 : 2311,880,882,
 882 : 881,116,883,
 883 : 2313,882,884,
 884 : 883,130,885,
 885 : 2315,884,886,
 886 : 885,124,887,
 887 : 2317,886,888,
 888 : 887,120,889,
 889 : 2319,888,890,
 890 : 889,148,891,
 891 : 351,890,892,
 892 : 891,146,1155,
 893 : 1156,1154,894,
 894 : 893,144,895,
 895 : 1158,894,896,
 896 : 895,142,1160,
 897 : 357,1161,898,
 898 : 897,140,899,
 899 : 898,325,900,
 900 : 899,901,358,
 901 : 361,900,902,
 902 : 901,136,903,
 903 : 363,902,904,
 904 : 903,138,905,
 905 : 2306,904,906,
 906 : 905,118,907,
 907 : 365,906,908,
 908 : 907,122,909,
 909 : 367,908,910,
 910 : 909,128,911,
 911 : 369,910,912,
 912 : 911,114,913,
 913 : 371,912,914,
 914 : 913,132,915,
 915 : 373,914,916,
 916 : 915,110,917,
 917 : 916,385,918,
 918 : 917,919,383,
 919 : 375,918,920,
 920 : 919,326,921,
 921 : 329,920,922,
 922 : 921,104,923,
 923 : 331,922,924,
 924 : 923,106,925,
 925 : 333,924,926,
 926 : 925,390,927,
 927 : 335,926,928,
 928 : 927,108,929,
 929 : 337,928,930,
 930 : 929,126,931,
 931 : 339,930,932,
 932 : 931,112,879,
 933 : 135,936,934,
 934 : 933,2000,939,
 935 : 134,938,936,
 936 : 935,113,933,
 937 : 134,940,938,
 938 : 937,880,935,
 939 : 135,934,940,
 940 : 939,116,937,
 941 : 1367,1205,942,
 942 : 941,2081,943,
 943 : 2035,942,944,
 944 : 943,2079,475,
 945 : 947,1687,1688,
 946 : 1689,949,947,
 947 : 946,1706,945,
 948 : 1907,952,949,
 949 : 948,1908,946,
 950 : 2378,2388,951,
 951 : 2378,950,952,
 952 : 951,2379,948,
 953 : 955,1801,1702,
 954 : 1702,956,955,
 955 : 954,2723,953,
 956 : 1703,1837,954,
 957 : 959,1659,1833,
 958 : 1834,962,959,
 959 : 958,1835,957,
 960 : 1871,1660,961,
 961 : 1871,960,962,
 962 : 961,1872,958,
 963 : 965,2374,2384,
 964 : 2385,967,965,
 965 : 964,2386,963,
 966 : 2401,2583,967,
 967 : 966,2402,964,
 968 : 970,2405,2419,
 969 : 2420,2584,970,
 970 : 969,2421,968,
 971 : 1472,974,972,
 972 : 971,1471,979,
 973 : 1472,976,974,
 974 : 973,1979,971,
 975 : 1473,982,976,
 976 : 975,1880,973,
 977 : 2011,980,978,
 978 : 977,1450,981,
 979 : 2010,972,980,
 980 : 979,2009,977,
 981 : 2011,978,982,
 982 : 981,2012,975,
 983 : 1475,986,984,
 984 : 983,2047,989,
 985 : 1474,988,986,
 986 : 985,2015,983,
 987 : 1474,992,988,
 988 : 987,1881,985,
 989 : 1983,984,990,
 990 : 989,2045,993,
 991 : 1982,994,992,
 992 : 991,1981,987,
 993 : 1983,990,994,
 994 : 993,1514,991,
 995 : 1975,998,996,
 996 : 995,1976,1001,
 997 : 1974,1000,998,
 998 : 997,1844,995,
 999 : 1974,1002,1000,
1000 : 999,1973,997,
1001 : 1975,996,1002,
1002 : 1001,1845,999,
1003 : 2017,1006,1004,
1004 : 1003,2050,1009,
1005 : 2016,1008,1006,
1006 : 1005,1477,1003,
1007 : 2016,1010,1008,
1008 : 1007,2343,1005,
1009 : 2017,1004,1010,
1010 : 1009,1454,1007,
1011 : 1014,2341,1012,
1012 : 1011,1265,2646,
1013 : 2645,1270,1014,
1014 : 1013,1984,1011,
1015 : 1268,1518,1016,
1016 : 1015,1269,2644,
1017 : 530,1226,1812,
1018 : 1590,1212,1019,
1019 : 1018,2108,1024,
1020 : 2686,1025,1021,
1021 : 1020,2103,1023,
1022 : 2512,1236,1023,
1023 : 1022,1210,1021,
1024 : 1859,1019,1025,
1025 : 1024,2105,1020,
1026 : 199,2662,1027,
1027 : 1026,1031,2155,
1028 : 2158,2618,1029,
1029 : 1028,2159,1192,
1030 : 1197,2589,1031,
1031 : 1030,1027,2656,
1032 : 2593,211,1033,
1033 : 1032,-1,208,
1034 : 246,2806,1035,
1035 : 1034,2657,190,
1036 : 1713,1089,1037,
1037 : 1036,256,1038,
1038 : 1693,1037,1039,
1039 : 1038,254,1040,
1040 : 1667,1039,1041,
1041 : 1040,1103,1042,
1042 : 1640,1041,1043,
1043 : 1042,290,1044,
1044 : 1616,1043,1045,
1045 : 1044,250,1046,
1046 : 1618,1045,1047,
1047 : 1046,248,1048,
1048 : 1618,1047,1049,
1049 : 1048,252,1050,
1050 : 2581,1049,1051,
1051 : 1050,1095,1052,
1052 : 1762,1051,1053,
1053 : 1052,264,1054,
1054 : 1734,1053,1055,
1055 : 1054,262,1056,
1056 : 2240,1055,1057,
1057 : 1056,294,1058,
1058 : 1923,1057,1059,
1059 : 1058,270,1060,
1060 : 1950,1059,1061,
1061 : 1060,286,1062,
1062 : 1950,1061,1063,
1063 : 1062,288,1064,
1064 : 1948,1063,1065,
1065 : 1064,284,1066,
1066 : 1946,1065,1067,
1067 : 1066,282,1068,
1068 : 1944,1067,1069,
1069 : 1068,280,1070,
1070 : 1942,1069,1071,
1071 : 1070,278,1072,
1072 : 1940,1071,1073,
1073 : 1072,276,1074,
1074 : 1938,1073,1075,
1075 : 1074,274,1076,
1076 : 1937,1075,1077,
1077 : 1076,272,1078,
1078 : 1910,1077,1079,
1079 : 1078,268,1080,
1080 : 2253,1079,1081,
1081 : 1080,296,1082,
1082 : 1721,1081,1083,
1083 : 1082,260,1084,
1084 : 1773,1083,1085,
1085 : 1084,266,1086,
1086 : 1714,1085,1087,
1087 : 1086,292,1088,
1088 : 1714,1087,1089,
1089 : 1088,258,1036,
1090 : 1123,1093,1091,
1091 : 1090,2131,1096,
1092 : 1125,1095,1093,
1093 : 1092,253,1090,
1094 : 2600,1097,1095,
1095 : 1094,1051,1092,
1096 : 2602,1091,1097,
1097 : 1096,264,1094,
1098 : 1121,1101,1099,
1099 : 1098,1665,1104,
1100 : 2596,1103,1101,
1101 : 1100,255,1098,
1102 : 2598,1105,1103,
1103 : 1102,1041,1100,
1104 : 1119,1099,1105,
1105 : 1104,290,1102,
1106 : 1117,1109,1107,
1107 : 1106,1727,1112,
1108 : 2599,1111,1109,
1109 : 1108,1767,1106,
1110 : 2597,1113,1111,
1111 : 1110,2137,1108,
1112 : 1115,1107,1113,
1113 : 1112,1768,1110,
1114 : 103,1117,1115,
1115 : 1114,1112,2595,
1116 : 103,2601,1117,
1117 : 1116,1106,1114,
1118 : 1124,1121,1119,
1119 : 1118,1104,2597,
1120 : 102,2596,1121,
1121 : 1120,1098,1118,
1122 : 102,1125,1123,
1123 : 1122,1090,2601,
1124 : 1118,2600,1125,
1125 : 1124,1092,1122,
1126 : 1743,846,1127,
1127 : 1126,1144,1128,
1128 : 1934,1127,1129,
1129 : 1128,1142,1132,
1130 : 2255,1133,1131,
1131 : 1130,1138,1134,
1132 : 2254,1129,1133,
1133 : 1132,1140,1130,
1134 : 2607,1131,1135,
1135 : 1134,1136,847,
1136 : 1135,1139,1137,
1137 : 1136,2152,304,
1138 : 1131,1141,1139,
1139 : 1138,1954,1136,
1140 : 1133,1143,1141,
1141 : 1140,2603,1138,
1142 : 1129,1145,1143,
1143 : 1142,2605,1140,
1144 : 1127,299,1145,
1145 : 1144,2606,1142,
1146 : 143,1151,1147,
1147 : 1146,2185,1148,
1148 : 143,1147,1149,
1149 : 1148,140,1160,
1150 : 145,1153,1151,
1151 : 1150,2183,1146,
1152 : 144,1155,1153,
1153 : 1152,147,1150,
1154 : 893,1157,1155,
1155 : 1154,892,1152,
1156 : 893,1159,1157,
1157 : 1156,353,1154,
1158 : 895,1161,1159,
1159 : 1158,355,1156,
1160 : 896,1149,1161,
1161 : 1160,897,1158,
1162 : 2608,628,1163,
1163 : 1162,1164,629,
1164 : 1163,1175,1165,
1165 : 1164,2609,493,
1166 : 1177,1389,1167,
1167 : 1166,1168,2676,
1168 : 1167,1567,1169,
1169 : 1168,1171,1564,
1170 : 2680,1172,1171,
1171 : 1170,1428,1169,
1172 : 1170,2678,1173,
1173 : 1172,1174,2065,
1174 : 2679,2611,1173,
1175 : 1164,628,1176,
1176 : 1175,1178,1544,
1177 : 1389,1166,1178,
1178 : 1177,2480,1176,
1179 : 321,1182,1180,
1180 : 1179,2150,1185,
1181 : 320,1184,1182,
1182 : 1181,315,1179,
1183 : 320,1186,1184,
1184 : 1183,870,1181,
1185 : 321,1180,1186,
1186 : 1185,298,1183,
1187 : 221,1190,1188,
1188 : 1187,218,1193,
1189 : 220,1192,1190,
1190 : 1189,2160,1187,
1191 : 220,1194,1192,
1192 : 1191,1029,1189,
1193 : 221,1188,1194,
1194 : 1193,222,1191,
1195 : 2588,1198,1196,
1196 : 1195,1411,1199,
1197 : 2590,1030,1198,
1198 : 1197,1561,1195,
1199 : 2677,1196,1200,
1200 : 1199,2062,1201,
1201 : 1200,1585,2614,
1202 : 2687,2335,1204,
1203 : 1207,2688,1204,
1204 : 1203,1202,2531,
1205 : 1345,941,1206,
1206 : 1205,1367,1208,
1207 : 1577,1203,1208,
1208 : 1207,1578,1206,
1209 : 490,2620,461,
1210 : 525,2686,1023,
1211 : 1591,1213,1212,
1212 : 1211,2110,1018,
1213 : 2681,2622,1211,
1214 : 1216,1894,528,
1215 : 524,1218,1216,
1216 : 1215,2513,1214,
1217 : 522,1220,1218,
1218 : 1217,2356,1215,
1219 : 520,1221,1220,
1220 : 1219,2354,1217,
1221 : 518,2353,1219,
1222 : 2551,1238,1223,
1223 : 1222,1848,1224,
1224 : 2553,1223,1225,
1225 : 1224,1812,1227,
1226 : 1017,1229,1227,
1227 : 1226,2495,1225,
1228 : 530,1231,1229,
1229 : 1228,1546,1226,
1230 : 510,1233,1231,
1231 : 1230,1786,1228,
1232 : 516,1235,1233,
1233 : 1232,1788,1230,
1234 : 508,1237,1235,
1235 : 1234,2510,1232,
1236 : 526,1022,1237,
1237 : 1236,2512,1234,
1238 : 1351,1222,1239,
1239 : 1238,2549,1240,
1240 : 1371,1239,1241,
1241 : 1240,2547,1242,
1242 : 2545,1241,1243,
1243 : 1242,1887,1244,
1244 : 1243,2543,2352,
1245 : 2625,1254,1246,
1246 : 1245,-1,1251,
1247 : -1,1256,1248,
1248 : 1247,2630,1260,
1249 : 2626,1262,1250,
1250 : 1249,-1,1253,
1251 : 2625,1246,1252,
1252 : 1251,-1,1263,
1253 : 2626,1250,1254,
1254 : 1253,-1,1245,
1255 : 1257,2629,1256,
1256 : 1255,1247,-1,
1257 : 2628,1255,1258,
1258 : 1257,-1,1261,
1259 : 2631,1264,1260,
1260 : 1259,-1,1248,
1261 : 2632,1258,1262,
1262 : 1261,-1,1249,
1263 : 2635,1252,1264,
1264 : 1263,-1,1259,
1265 : 2647,1012,1266,
1266 : 1265,1479,1267,
1267 : 1266,2642,1268,
1268 : 1267,1015,2647,
1269 : 2644,1016,1270,
1270 : 1269,2648,1013,
1271 : 838,825,1272,
1272 : 840,1271,1273,
1273 : 1272,821,1274,
1274 : 1273,813,842,
1275 : 1286,1292,1276,
1276 : 1275,0,6,
1277 : 4,11,1278,
1278 : 1277,1291,1283,
1279 : 15,1288,1280,
1280 : 1279,1297,9,
1281 : 3,1298,1282,
1282 : 1281,57,12,
1283 : 19,1278,1284,
1284 : 1283,1293,1287,
1285 : 55,1294,1286,
1286 : 1285,1275,16,
1287 : 21,1284,1288,
1288 : 1287,1295,1279,
1289 : 56,1299,1290,
1290 : 1289,54,28,
1291 : 1278,25,1292,
1292 : 1291,1275,1293,
1293 : 1284,1292,1294,
1294 : 1293,1285,1295,
1295 : 1288,1294,1296,
1296 : 1295,1300,1297,
1297 : 1280,1296,1298,
1298 : 1297,1281,23,
1299 : 1289,57,1300,
1300 : 1299,1296,54,
1301 : 1312,1304,1302,
1302 : 1301,58,64,
1303 : 62,66,1304,
1304 : 1303,1301,1309,
1305 : 70,1310,1306,
1306 : 1305,1307,68,
1307 : 61,1306,1308,
1308 : 1307,1311,72,
1309 : 74,1304,1310,
1310 : 1309,1311,1305,
1311 : 1308,1310,1312,
1312 : 1311,1301,76,
1313 : 1330,1316,1314,
1314 : 1313,78,84,
1315 : 1318,89,1316,
1316 : 1315,1313,1327,
1317 : 82,93,1318,
1318 : 1317,1315,1325,
1319 : 97,1326,1320,
1320 : 1319,1321,91,
1321 : 1320,1328,1322,
1322 : 1321,1323,87,
1323 : 81,1322,1324,
1324 : 1323,1329,94,
1325 : 101,1318,1326,
1326 : 1325,1327,1319,
1327 : 1326,1316,1328,
1328 : 1327,1329,1321,
1329 : 1324,1328,1330,
1330 : 1329,1313,98,
1331 : 1821,2068,1332,
1332 : 1331,604,1568,
1333 : 1803,1447,1334,
1334 : 1333,1774,723,
1335 : 1790,499,2491,
1336 : 2484,2328,494,
1337 : 2180,1783,1338,
1338 : 1337,454,1425,
1339 : 2564,2680,1566,
1340 : 1791,1609,1341,
1341 : 1340,1432,1376,
1342 : 1348,1457,1343,
1343 : 1342,2347,713,
1344 : 392,2083,1345,
1345 : 1344,1205,1579,
1346 : 2579,2580,1347,
1347 : 1346,2132,1644,
1348 : 1342,2697,2266,
1349 : 1370,1449,1350,
1350 : 1349,1839,715,
1351 : 2585,1238,1352,
1352 : 1351,1371,512,
1353 : 1373,2074,1354,
1354 : 1353,1856,1571,
1355 : 1865,1378,1356,
1356 : 1355,1374,394,
1357 : 2054,1452,1358,
1358 : 1357,1876,731,
1359 : 490,2351,1360,
1360 : 1359,2040,2528,
1361 : 2036,2077,1362,
1362 : 1361,2358,1575,
1363 : 2030,1615,1364,
1364 : 1363,2412,2033,
1365 : 1455,2053,1366,
1366 : 1365,733,2348,
1367 : 1206,941,1368,
1368 : 1367,2035,1577,
1369 : 1877,1451,1370,
1370 : 1369,1349,721,
1371 : 1240,2544,1352,
1372 : 1893,2075,1373,
1373 : 1372,1353,1573,
1374 : 1380,396,1356,
1375 : 1532,2488,1376,
1376 : 1375,1341,1430,
1377 : 1825,534,1533,
1378 : 1355,1863,1379,
1379 : 1378,1535,1380,
1380 : 1374,1379,1381,
1381 : 1380,1537,2337,
1382 : 2395,2409,1383,
1383 : 1382,2033,2411,
1384 : 2034,2446,1385,
1385 : 1384,1386,2030,
1386 : 1385,2466,1387,
1387 : 1386,2130,253,
1388 : 2559,1567,1389,
1389 : 1388,1166,1177,
1390 : 1569,608,1391,
1391 : 1390,2508,1816,
1392 : 1853,1548,1393,
1393 : 1392,1394,1570,
1394 : 1393,1550,1395,
1395 : 1394,1889,1572,
1396 : 2543,462,1397,
1397 : 1396,1574,2355,
1398 : 328,1405,1399,
1399 : 1398,1436,2303,
1400 : 2670,1559,1401,
1401 : 1400,1553,1551,
1402 : 2155,2060,1403,
1403 : 1402,1555,2669,
1404 : 330,1413,1405,
1405 : 1404,1438,1398,
1406 : 2667,2665,1407,
1407 : 1406,2663,2816,
1408 : 1539,1417,1409,
1409 : 1408,1560,2656,
1410 : 1561,1419,1411,
1411 : 1410,2062,1196,
1412 : 332,1424,1413,
1413 : 1412,1440,1404,
1414 : 2184,1426,1415,
1415 : 1414,1541,2666,
1416 : 1542,403,1417,
1417 : 1416,1562,1408,
1418 : 1563,405,1419,
1419 : 1418,2063,1410,
1420 : 187,1528,1421,
1421 : 1420,1431,1719,
1422 : 2280,154,1606,
1423 : 334,1522,1424,
1424 : 1423,1442,1412,
1425 : 2182,1338,1426,
1426 : 1425,1543,1414,
1427 : 2676,1564,548,
1428 : 1565,1171,1429,
1429 : 1428,2065,544,
1430 : 1530,1376,1431,
1431 : 1430,1433,1421,
1432 : 1341,159,1433,
1433 : 1432,1718,1431,
1434 : 2272,2302,1435,
1435 : 1434,1988,372,
1436 : 1399,1439,1437,
1437 : 1436,1990,2301,
1438 : 1405,1441,1439,
1439 : 1438,1992,1436,
1440 : 1413,1443,1441,
1441 : 1440,1994,1438,
1442 : 1424,1445,1443,
1443 : 1442,1996,1440,
1444 : 1522,338,1445,
1445 : 1444,1998,1442,
1446 : 2003,1776,1447,
1447 : 1446,1333,1804,
1448 : 2009,1842,1449,
1449 : 1448,1349,1450,
1450 : 978,1449,1451,
1451 : 1450,1369,1878,
1452 : 1879,1357,1453,
1453 : 1452,2051,2014,
1454 : 2345,1010,1455,
1455 : 1454,2052,1365,
1456 : 2019,2346,1457,
1457 : 1456,1342,2265,
1458 : 1989,2298,1459,
1459 : 1458,1958,368,
1460 : 1991,1463,1461,
1461 : 1460,1960,2297,
1462 : 1993,1465,1463,
1463 : 1462,1962,1460,
1464 : 1995,1467,1465,
1465 : 1464,1964,1462,
1466 : 1997,2327,1467,
1467 : 1466,1966,1464,
1468 : 1971,1778,1469,
1469 : 1468,2002,1806,
1470 : 1977,1844,1471,
1471 : 1470,2008,972,
1472 : 973,971,1473,
1473 : 1472,2010,975,
1474 : 987,985,1475,
1475 : 1474,983,1982,
1476 : 2341,1985,1477,
1477 : 1476,2048,1006,
1478 : 2342,2640,1479,
1479 : 1478,2642,1266,
1480 : 2641,2268,1481,
1481 : 1480,2202,1986,
1482 : 1501,1485,1483,
1483 : 1482,2022,2307,
1484 : 1503,1487,1485,
1485 : 1484,2024,1482,
1486 : 1505,1489,1487,
1487 : 1486,2026,1484,
1488 : 1507,2321,1489,
1489 : 1488,2028,1486,
1490 : 2176,1782,1491,
1491 : 1490,1508,1810,
1492 : 2170,2331,1493,
1493 : 1492,560,1494,
1494 : 2168,1493,1495,
1495 : 1494,562,1884,
1496 : 1885,566,1497,
1497 : 1496,2041,2349,
1498 : 2339,1521,1499,
1499 : 1498,2208,2429,
1500 : 1961,1503,1501,
1501 : 1500,1482,2309,
1502 : 1963,1505,1503,
1503 : 1502,1484,1500,
1504 : 1965,1507,1505,
1505 : 1504,1486,1502,
1506 : 1967,2323,1507,
1507 : 1506,1488,1504,
1508 : 1491,1780,1509,
1509 : 1508,1970,1808,
1510 : 407,1846,1511,
1511 : 1510,1976,1512,
1512 : 409,1511,1513,
1513 : 1512,1978,1882,
1514 : 1883,994,1515,
1515 : 1514,2043,411,
1516 : 2648,505,1517,
1517 : 1516,2044,1984,
1518 : 1015,2643,1519,
1519 : 1518,2636,2649,
1520 : 2637,1987,1521,
1521 : 1520,2206,1498,
1522 : 336,1444,1423,
1523 : 2162,1526,1524,
1524 : 1523,2284,1595,
1525 : 2095,1528,1526,
1526 : 1525,2282,1523,
1527 : 2097,1530,1528,
1528 : 1527,1420,1525,
1529 : 2099,1532,1530,
1530 : 1529,1430,1527,
1531 : 2486,2487,1532,
1532 : 1531,1375,1529,
1533 : 1377,1789,1534,
1534 : 1533,2496,1823,
1535 : 1379,1861,1536,
1536 : 1535,484,1537,
1537 : 1381,1536,1538,
1538 : 1537,486,1895,
1539 : 1542,1408,1540,
1540 : 1539,2653,2594,
1541 : 1415,1543,1542,
1542 : 1541,1416,1539,
1543 : 1426,452,1541,
1544 : 2609,1176,2610,
1545 : 1784,2556,1546,
1546 : 1545,2495,1229,
1547 : 1851,611,1548,
1548 : 1547,1549,1392,
1549 : 1548,612,1550,
1550 : 1549,1888,1394,
1551 : 1401,1717,1552,
1552 : 1551,2591,246,
1553 : 1717,1401,1554,
1554 : 1553,1557,243,
1555 : 1558,1403,1556,
1556 : 1555,2057,239,
1557 : 1554,2669,1558,
1558 : 1557,1555,241,
1559 : 2669,1400,247,
1560 : 1409,1563,1561,
1561 : 1560,1410,1198,
1562 : 1417,413,1563,
1563 : 1562,1418,1560,
1564 : 1427,1169,1565,
1565 : 1564,1428,546,
1566 : 2561,1339,1567,
1567 : 1566,1168,1388,
1568 : 1332,606,1569,
1569 : 1568,1390,1818,
1570 : 1855,1393,1571,
1571 : 1570,1572,1354,
1572 : 1571,1395,1573,
1573 : 1572,1891,1373,
1574 : 2357,1397,1575,
1575 : 1574,2037,1362,
1576 : 2038,2530,1577,
1577 : 1576,1207,1368,
1578 : 1208,2531,1579,
1579 : 1578,414,1345,
1580 : 229,231,1581,
1581 : 1580,2093,227,
1582 : 2292,1597,1583,
1583 : 1582,2059,222,
1584 : 1587,2094,1585,
1585 : 1584,1201,2061,
1586 : 2064,2485,1587,
1587 : 1586,2096,1584,
1588 : 2611,540,2066,
1589 : 2679,2678,474,
1590 : 1018,2685,2586,
1591 : 2586,2681,1211,
1592 : 644,2362,2076,
1593 : 2541,2080,1594,
1594 : 1593,2336,2539,
1595 : 2164,1524,1596,
1596 : 1595,2273,785,
1597 : 2058,1582,1598,
1598 : 1597,2092,235,
1599 : 1601,1621,1600,
1600 : 1599,156,2275,
1601 : 1623,1599,1602,
1602 : 1601,2277,1603,
1603 : 1625,1602,1604,
1604 : 1603,2279,1605,
1605 : 1627,1604,1606,
1606 : 1605,1422,1607,
1607 : 1629,1606,1608,
1608 : 1607,158,1720,
1609 : 1792,185,1340,
1610 : 1867,395,1611,
1611 : 1610,1612,1634,
1612 : 1611,2492,1613,
1613 : 1612,1900,1636,
1614 : 1639,2414,1615,
1615 : 1614,1363,2032,
1616 : 1044,1619,1617,
1617 : 1616,2579,1640,
1618 : 1046,1048,1619,
1619 : 1618,2580,1616,
1620 : 1622,1647,1621,
1621 : 1620,160,1599,
1622 : 1649,1620,1623,
1623 : 1622,1601,1624,
1624 : 1651,1623,1625,
1625 : 1624,1603,1626,
1626 : 1653,1625,1627,
1627 : 1626,1605,1628,
1628 : 1655,1627,1629,
1629 : 1628,1607,1630,
1630 : 1657,1629,1631,
1631 : 1630,1720,162,
1632 : 1659,1795,1633,
1633 : 1632,2490,1831,
1634 : 1869,1611,1635,
1635 : 1634,1636,1660,
1636 : 1635,1613,1637,
1637 : 1636,1902,1662,
1638 : 1665,2416,1639,
1639 : 1638,1614,291,
1640 : 1042,1617,1641,
1641 : 1640,2578,1666,
1642 : 2578,2579,1643,
1643 : 1642,1644,1668,
1644 : 1643,1347,1645,
1645 : 1644,2134,1670,
1646 : 1648,1673,1647,
1647 : 1646,164,1620,
1648 : 1675,1646,1649,
1649 : 1648,1622,1650,
1650 : 1677,1649,1651,
1651 : 1650,1624,1652,
1652 : 1679,1651,1653,
1653 : 1652,1626,1654,
1654 : 1681,1653,1655,
1655 : 1654,1628,1656,
1656 : 1683,1655,1657,
1657 : 1656,1630,166,
1658 : 1685,1797,1659,
1659 : 1658,1632,957,
1660 : 960,1635,1661,
1661 : 1660,1662,1686,
1662 : 1661,1637,1663,
1663 : 1662,1904,1688,
1664 : 1691,2418,1665,
1665 : 1664,1638,1099,
1666 : 1641,2577,1667,
1667 : 1666,1692,1040,
1668 : 2577,1643,1669,
1669 : 1668,1670,2576,
1670 : 1669,1645,1671,
1671 : 1670,2136,1694,
1672 : 1674,170,1673,
1673 : 1672,168,1646,
1674 : 172,1672,1675,
1675 : 1674,1648,1676,
1676 : 174,1675,1677,
1677 : 1676,1650,1678,
1678 : 176,1677,1679,
1679 : 1678,1652,1680,
1680 : 178,1679,1681,
1681 : 1680,1654,1682,
1682 : 180,1681,1683,
1683 : 1682,1656,182,
1684 : 1703,1799,1685,
1685 : 1684,1658,1835,
1686 : 1873,1661,1687,
1687 : 1686,945,1704,
1688 : 945,1663,1689,
1689 : 1688,1906,946,
1690 : 1709,2584,1691,
1691 : 1690,1664,2055,
1692 : 1667,2576,1693,
1693 : 1692,1712,1038,
1694 : 2576,1671,1695,
1695 : 1694,2138,2575,
1696 : 2717,2710,1697,
1697 : 1696,177,1698,
1698 : 2719,1697,1699,
1699 : 1698,179,1700,
1700 : 2721,1699,1701,
1701 : 1700,181,1800,
1702 : 954,953,1703,
1703 : 1702,1684,956,
1704 : 1875,1687,1705,
1705 : 1704,1706,2724,
1706 : 1705,947,1707,
1707 : 1706,1908,2726,
1708 : 2729,2422,1709,
1709 : 1708,1690,1710,
1710 : 1709,2055,1711,
1711 : 1710,2056,2730,
1712 : 1693,2575,1713,
1713 : 1712,1715,1036,
1714 : 1086,1088,1715,
1715 : 1714,1713,2574,
1716 : 245,2593,1717,
1717 : 1716,1551,1553,
1718 : 1433,155,1719,
1719 : 1718,153,1421,
1720 : 1631,1608,184,
1721 : 1082,1773,1722,
1722 : 1721,1723,2252,
1723 : 1722,1771,1724,
1724 : 1723,1725,2250,
1725 : 1724,1769,1726,
1726 : 1725,1727,2248,
1727 : 1726,1107,1728,
1728 : 1727,1729,2246,
1729 : 1728,1767,1730,
1730 : 1729,1731,2244,
1731 : 1730,1765,1732,
1732 : 1731,1733,2242,
1733 : 1732,1763,1734,
1734 : 1733,1054,2240,
1735 : 263,1761,1736,
1736 : 1735,1737,2238,
1737 : 1736,1759,1738,
1738 : 1737,2115,2236,
1739 : 2121,1756,1740,
1740 : 1739,2086,2232,
1741 : 2229,2087,1742,
1742 : 1741,1754,1743,
1743 : 1126,2226,1742,
1744 : 1751,1747,1745,
1745 : 1744,2605,2606,
1746 : 1749,2225,1747,
1747 : 1746,1935,1744,
1748 : 2472,2217,1749,
1749 : 1748,1746,1750,
1750 : 2474,1749,1751,
1751 : 1750,1744,1752,
1752 : 2123,1751,1753,
1753 : 1752,2606,299,
1754 : 1742,2085,1755,
1755 : 1754,2143,845,
1756 : 1739,2113,1757,
1757 : 1756,2126,2084,
1758 : 2129,309,1759,
1759 : 1758,1737,1760,
1760 : 2131,1759,1761,
1761 : 1760,1735,265,
1762 : 2582,1052,1763,
1763 : 1762,1733,1764,
1764 : 2133,1763,1765,
1765 : 1764,1731,1766,
1766 : 2135,1765,1767,
1767 : 1766,1729,1109,
1768 : 2139,1113,1769,
1769 : 1768,1725,1770,
1770 : 2141,1769,1771,
1771 : 1770,1723,1772,
1772 : 2574,1771,1773,
1773 : 1772,1721,1084,
1774 : 1775,711,1334,
1775 : 113,1774,1776,
1776 : 1775,1446,2000,
1777 : 117,2001,1778,
1778 : 1777,1468,1968,
1779 : 125,1969,1780,
1780 : 1779,1508,1781,
1781 : 121,1780,1782,
1782 : 1781,1490,2178,
1783 : 1337,2177,456,
1784 : 2558,1545,1785,
1785 : 2560,1784,1786,
1786 : 1785,1231,1787,
1787 : 2562,1786,1788,
1788 : 1787,1233,2569,
1789 : 2101,1533,536,
1790 : 1335,1792,1791,
1791 : 1790,1340,2489,
1792 : 1609,1790,1793,
1793 : 1792,2490,1794,
1794 : 163,1793,1795,
1795 : 1794,1632,1796,
1796 : 167,1795,1797,
1797 : 1796,1658,1798,
1798 : 183,1797,1799,
1799 : 1798,1684,1800,
1800 : 1701,1799,1801,
1801 : 1800,953,2734,
1802 : 1840,1804,1803,
1803 : 1802,1333,725,
1804 : 1447,1802,1805,
1805 : 1804,1841,2004,
1806 : 1469,2005,1807,
1807 : 1806,1843,1972,
1808 : 1509,1973,1809,
1809 : 1808,1845,1810,
1810 : 1491,1809,1811,
1811 : 1810,1847,436,
1812 : 1017,1225,1813,
1813 : 1812,1848,1814,
1814 : 2508,1813,1815,
1815 : 1814,1850,1816,
1816 : 1391,1815,1817,
1817 : 1816,1852,1818,
1818 : 1569,1817,1819,
1819 : 1818,1854,1821,
1820 : 1857,2070,1821,
1821 : 1820,1331,1819,
1822 : 1859,2686,2069,
1823 : 1534,480,1824,
1824 : 1823,1860,1825,
1825 : 1377,1824,1826,
1826 : 1825,1862,532,
1827 : 2494,-1,1828,
1828 : 1827,1864,495,
1829 : 2491,496,1830,
1830 : 1829,1866,1831,
1831 : 1633,1830,1832,
1832 : 1831,1868,1833,
1833 : 957,1832,1834,
1834 : 1833,1870,958,
1835 : 1685,959,1836,
1836 : 1835,1872,1837,
1837 : 956,1836,1838,
1838 : 1837,1874,2736,
1839 : 1350,1841,1840,
1840 : 1839,1802,727,
1841 : 1805,1839,1842,
1842 : 1841,1448,2006,
1843 : 1807,2007,1844,
1844 : 1843,1470,998,
1845 : 1809,1002,1846,
1846 : 1845,1510,1847,
1847 : 1846,438,1811,
1848 : 1813,1223,1849,
1849 : 1848,2585,1850,
1850 : 1815,1849,1851,
1851 : 1850,1547,1852,
1852 : 1817,1851,1853,
1853 : 1852,1392,1854,
1854 : 1819,1853,1855,
1855 : 1854,1570,1857,
1856 : 1354,2072,1857,
1857 : 1856,1820,1855,
1858 : 2071,2685,1859,
1859 : 1858,1024,1822,
1860 : 1824,482,1861,
1861 : 1860,1535,1862,
1862 : 1826,1861,1863,
1863 : 1862,1378,531,
1864 : 1828,531,1865,
1865 : 1864,1355,497,
1866 : 1830,498,1867,
1867 : 1866,1610,1868,
1868 : 1832,1867,1869,
1869 : 1868,1634,1870,
1870 : 1834,1869,1871,
1871 : 1870,960,961,
1872 : 1836,962,1873,
1873 : 1872,1686,1874,
1874 : 1838,1873,1875,
1875 : 1874,1704,2738,
1876 : 1358,1878,1877,
1877 : 1876,1369,729,
1878 : 1451,1876,1879,
1879 : 1878,1452,2012,
1880 : 976,2013,1881,
1881 : 1880,988,1980,
1882 : 1513,1981,1883,
1883 : 1882,1514,422,
1884 : 2166,1495,1885,
1885 : 1884,564,1496,
1886 : 2546,639,1887,
1887 : 1886,2542,1243,
1888 : 1550,614,1889,
1889 : 1395,1888,1890,
1890 : 1889,616,1891,
1891 : 1573,1890,1892,
1892 : 1891,618,1893,
1893 : 620,1372,1892,
1894 : 2623,2681,1214,
1895 : 1538,488,1896,
1896 : 1895,2497,2337,
1897 : 448,2367,1898,
1898 : 2492,1897,1899,
1899 : 1898,2369,1900,
1900 : 1613,1899,1901,
1901 : 1900,2371,1902,
1902 : 1637,1901,1903,
1903 : 1902,2373,1904,
1904 : 1663,1903,1905,
1905 : 1904,2375,1906,
1906 : 1689,1905,1907,
1907 : 1906,2377,948,
1908 : 1707,949,1909,
1909 : 1908,2379,2740,
1910 : 1078,2253,1911,
1911 : 1910,1912,1937,
1912 : 1911,2251,1913,
1913 : 1912,1914,1939,
1914 : 1913,2249,1915,
1915 : 1914,1916,1941,
1916 : 1915,2247,1917,
1917 : 1916,1918,1943,
1918 : 1917,2245,1919,
1919 : 1918,1920,1945,
1920 : 1919,2243,1921,
1921 : 1920,1922,1947,
1922 : 1921,2241,1923,
1923 : 1922,1058,1949,
1924 : 271,2239,1925,
1925 : 1924,1926,687,
1926 : 1925,2237,1927,
1927 : 1926,2116,1951,
1928 : 855,2233,1929,
1929 : 1928,2088,2120,
1930 : 2154,2089,1931,
1931 : 1930,2228,1933,
1932 : 2227,2255,1933,
1933 : 1932,2607,1931,
1934 : 1128,2254,2226,
1935 : 1747,2192,1936,
1936 : 1935,2256,2604,
1937 : 1076,1911,1938,
1938 : 1937,1939,1074,
1939 : 1938,1913,1940,
1940 : 1939,1941,1072,
1941 : 1940,1915,1942,
1942 : 1941,1943,1070,
1943 : 1942,1917,1944,
1944 : 1943,1945,1068,
1945 : 1944,1919,1946,
1946 : 1945,1947,1066,
1947 : 1946,1921,1948,
1948 : 1947,1949,1064,
1949 : 1948,1923,1950,
1950 : 1949,1060,1062,
1951 : 1927,2118,691,
1952 : 2119,311,693,
1953 : 849,2153,847,
1954 : 1139,1957,1955,
1955 : 1954,703,2152,
1956 : 2257,2263,1957,
1957 : 1956,705,1954,
1958 : 1459,2296,1959,
1959 : 1958,378,366,
1960 : 1461,1963,1961,
1961 : 1960,1500,2295,
1962 : 1463,1965,1963,
1963 : 1962,1502,1960,
1964 : 1465,1967,1965,
1965 : 1964,1504,1962,
1966 : 1467,2325,1967,
1967 : 1966,1506,1964,
1968 : 131,1778,1969,
1969 : 1968,1970,1779,
1970 : 1509,1969,1971,
1971 : 1970,1468,1972,
1972 : 1971,1807,1973,
1973 : 1972,1000,1808,
1974 : 999,997,1975,
1975 : 1974,995,1001,
1976 : 1511,996,1977,
1977 : 1976,1470,1978,
1978 : 1513,1977,1979,
1979 : 1978,974,1980,
1980 : 1979,1881,1981,
1981 : 1980,992,1882,
1982 : 991,1475,1983,
1983 : 1982,989,993,
1984 : 1014,1517,1985,
1985 : 1984,2046,1476,
1986 : 2639,1481,1987,
1987 : 1986,2204,1520,
1988 : 1435,2300,1989,
1989 : 1988,1458,370,
1990 : 1437,1993,1991,
1991 : 1990,1460,2299,
1992 : 1439,1995,1993,
1993 : 1992,1462,1990,
1994 : 1441,1997,1995,
1995 : 1994,1464,1992,
1996 : 1443,1999,1997,
1997 : 1996,1466,1994,
1998 : 1445,340,1999,
1999 : 1998,2327,1996,
2000 : 934,1776,2001,
2001 : 2000,2002,1777,
2002 : 1469,2001,2003,
2003 : 2002,1446,2004,
2004 : 2003,1805,2005,
2005 : 2004,2006,1806,
2006 : 2005,1842,2007,
2007 : 2006,2008,1843,
2008 : 1471,2007,2009,
2009 : 2008,1448,980,
2010 : 1473,979,2011,
2011 : 2010,977,981,
2012 : 982,1879,2013,
2013 : 2012,2014,1880,
2014 : 2013,1453,2015,
2015 : 2014,2049,986,
2016 : 1007,1005,2017,
2017 : 2016,1003,1009,
2018 : 2641,2344,2019,
2019 : 2018,1456,2267,
2020 : 377,2294,2021,
2021 : 2020,360,362,
2022 : 1483,2025,2023,
2023 : 2022,356,2293,
2024 : 1485,2027,2025,
2025 : 2024,354,2022,
2026 : 1487,2029,2027,
2027 : 2026,352,2024,
2028 : 1489,389,2029,
2029 : 2028,350,2026,
2030 : 1363,1385,2031,
2031 : 2030,249,2032,
2032 : 2031,251,1615,
2033 : 1364,1383,2034,
2034 : 2033,2427,1384,
2035 : 1368,943,2036,
2036 : 2035,1361,2038,
2037 : 1575,2683,2038,
2038 : 2037,1576,2036,
2039 : 2536,2332,2040,
2040 : 2039,1360,2165,
2041 : 1497,568,2042,
2042 : 2041,2505,2537,
2043 : 424,1515,2044,
2044 : 2043,2045,1517,
2045 : 2044,990,2046,
2046 : 2045,2047,1985,
2047 : 2046,984,2048,
2048 : 2047,2049,1477,
2049 : 2048,2015,2050,
2050 : 2049,2051,1004,
2051 : 2050,1453,2052,
2052 : 2051,2053,1455,
2053 : 1365,2052,2054,
2054 : 2053,1357,717,
2055 : 1691,255,1710,
2056 : 1711,257,2732,
2057 : 1556,2059,2058,
2058 : 2057,1597,237,
2059 : 1583,2057,2060,
2060 : 2059,1402,2157,
2061 : 2064,1585,2062,
2062 : 2061,1200,1411,
2063 : 1419,426,2064,
2064 : 2063,1586,2061,
2065 : 1429,1173,2066,
2066 : 2065,1588,542,
2067 : 474,2678,2680,
2068 : 603,1331,2069,
2069 : 1822,2068,2070,
2070 : 2069,1820,2071,
2071 : 1858,2070,2072,
2072 : 2071,1856,2073,
2073 : 2685,2072,2074,
2074 : 2073,1353,2075,
2075 : 2074,1372,622,
2076 : 1592,2361,2077,
2077 : 2076,1361,643,
2078 : 2541,476,2079,
2079 : 2078,944,2080,
2080 : 1593,2079,2081,
2081 : 2080,942,2082,
2082 : 2336,2081,2083,
2083 : 2082,1344,427,
2084 : 1757,2125,2085,
2085 : 2084,1754,2086,
2086 : 1740,2085,2087,
2087 : 2086,1741,2230,
2088 : 1929,2231,2089,
2089 : 2088,1930,2090,
2090 : 2120,2089,2091,
2091 : 2090,2153,851,
2092 : 1598,2291,2093,
2093 : 2092,1581,233,
2094 : 1584,2097,2095,
2095 : 2094,1525,2616,
2096 : 1587,2099,2097,
2097 : 2096,1527,2094,
2098 : 2485,2486,2099,
2099 : 2098,1529,2096,
2100 : 2102,538,2611,
2101 : 2496,1789,2102,
2102 : 2101,2100,2612,
2103 : 2568,1021,2104,
2104 : 2103,2105,656,
2105 : 2104,1025,2106,
2106 : 2105,2107,654,
2107 : 652,2106,2108,
2108 : 2107,1019,2109,
2109 : 650,2108,2110,
2110 : 2109,1212,2111,
2111 : 2110,2622,2112,
2112 : 2111,2364,648,
2113 : 2142,1756,2114,
2114 : 2113,2121,861,
2115 : 1738,313,2234,
2116 : 1927,2235,2117,
2117 : 2116,301,2118,
2118 : 1951,2117,2119,
2119 : 2118,1952,689,
2120 : 1929,2090,853,
2121 : 2114,1739,859,
2122 : 2456,2474,2123,
2123 : 2122,1752,2151,
2124 : 867,2143,2125,
2125 : 2124,2084,2126,
2126 : 2125,1757,2127,
2127 : 2126,2142,865,
2128 : 2465,2144,2129,
2129 : 2128,1758,2130,
2130 : 1387,2129,2131,
2131 : 2130,1760,1091,
2132 : 1347,2582,2133,
2133 : 2132,1764,2134,
2134 : 1645,2133,2135,
2135 : 2134,1766,2136,
2136 : 1671,2135,2137,
2137 : 2136,1111,2138,
2138 : 1695,2137,2139,
2139 : 2138,1768,2140,
2140 : 2575,2139,2141,
2141 : 2140,1770,2574,
2142 : 2127,2113,863,
2143 : 2124,869,1755,
2144 : 2128,2464,2145,
2145 : 2144,2146,319,
2146 : 317,2145,2147,
2147 : 2146,824,2148,
2148 : 2147,820,2149,
2149 : 2148,2150,315,
2150 : 1180,2149,2151,
2151 : 2150,816,2123,
2152 : 1955,707,1137,
2153 : 1953,2091,2154,
2154 : 2153,1930,2607,
2155 : 1402,1027,2156,
2156 : 2155,2589,2157,
2157 : 2060,2156,2158,
2158 : 2157,2587,1028,
2159 : 1029,2618,2160,
2160 : 2159,2189,1190,
2161 : 2163,2190,2162,
2162 : 2161,2616,1523,
2163 : 217,2161,2164,
2164 : 2163,1595,787,
2165 : 2040,2349,2537,
2166 : 1884,2350,2167,
2167 : 2166,2501,2168,
2168 : 1494,2167,2169,
2169 : 2168,460,2170,
2170 : 1492,2169,2171,
2171 : 2170,458,2172,
2172 : 2330,2171,2173,
2173 : 2172,470,2174,
2174 : 2329,2173,2175,
2175 : 2174,468,2328,
2176 : 434,2177,1490,
2177 : 2176,1783,2178,
2178 : 2177,2179,1782,
2179 : 149,2178,2180,
2180 : 2179,1337,2181,
2181 : 147,2180,2182,
2182 : 2181,1425,2183,
2183 : 1151,2182,2184,
2184 : 2183,1414,2185,
2185 : 1147,2184,2186,
2186 : 2185,2668,2652,
2187 : 141,2652,2188,
2188 : 2187,2811,793,
2189 : 219,2160,2190,
2190 : 2189,2619,2161,
2191 : 2225,2475,2192,
2192 : 2191,2258,1935,
2193 : 2223,2196,2194,
2194 : 2193,2476,2224,
2195 : 2221,2197,2196,
2196 : 2195,2261,2193,
2197 : 2219,2701,2195,
2198 : 2211,2742,2218,
2199 : 2203,2271,2200,
2200 : 2199,2751,2210,
2201 : 2266,2746,2270,
2202 : 1481,2269,2203,
2203 : 2202,2199,2204,
2204 : 1987,2203,2205,
2205 : 2204,2210,2206,
2206 : 1521,2205,2207,
2207 : 2206,2212,2208,
2208 : 1499,2207,2209,
2209 : 2208,2214,2448,
2210 : 2205,2200,2211,
2211 : 2210,2198,2212,
2212 : 2207,2211,2213,
2213 : 2212,2218,2214,
2214 : 2209,2213,2215,
2215 : 2214,2220,2468,
2216 : 2470,2223,2217,
2217 : 2216,2224,1748,
2218 : 2213,2198,2219,
2219 : 2218,2197,2220,
2220 : 2215,2219,2221,
2221 : 2220,2195,2222,
2222 : 2467,2221,2223,
2223 : 2222,2193,2216,
2224 : 2217,2194,2225,
2225 : 2224,2191,1746,
2226 : 1743,1934,2227,
2227 : 2226,1932,2229,
2228 : 1931,2230,2229,
2229 : 2228,1741,2227,
2230 : 2087,2228,2231,
2231 : 2230,2088,2232,
2232 : 1740,2231,2233,
2233 : 2232,1928,857,
2234 : 2115,872,2235,
2235 : 2234,2116,2236,
2236 : 1738,2235,2237,
2237 : 2236,1926,2238,
2238 : 1736,2237,2239,
2239 : 2238,1924,295,
2240 : 1734,1056,2241,
2241 : 2240,1922,2242,
2242 : 1732,2241,2243,
2243 : 2242,1920,2244,
2244 : 1730,2243,2245,
2245 : 2244,1918,2246,
2246 : 1728,2245,2247,
2247 : 2246,1916,2248,
2248 : 1726,2247,2249,
2249 : 2248,1914,2250,
2250 : 1724,2249,2251,
2251 : 2250,1912,2252,
2252 : 1722,2251,2253,
2253 : 2252,1910,1080,
2254 : 1934,1132,2255,
2255 : 2254,1130,1932,
2256 : 1936,2259,2257,
2257 : 2256,1956,2603,
2258 : 2192,2477,2259,
2259 : 2258,2262,2256,
2260 : 2261,2264,2476,
2261 : 2196,2703,2260,
2262 : 2259,2479,2263,
2263 : 2262,709,1956,
2264 : 2260,2748,2478,
2265 : 2267,1457,2266,
2266 : 2265,1348,2201,
2267 : 2019,2265,2268,
2268 : 2267,2269,1480,
2269 : 2202,2268,2270,
2270 : 2269,2201,2271,
2271 : 2700,2199,2270,
2272 : 1434,382,2304,
2273 : 1596,2284,2274,
2274 : 2273,2289,186,
2275 : 1600,151,2276,
2276 : 2275,2290,2277,
2277 : 1602,2276,2278,
2278 : 2277,2288,2279,
2279 : 1604,2278,2280,
2280 : 2279,2285,1422,
2281 : 187,2286,2282,
2282 : 2281,2283,1526,
2283 : 2282,2287,2284,
2284 : 2283,2273,1524,
2285 : 2280,2288,2286,
2286 : 2285,2281,152,
2287 : 2290,2283,2288,
2288 : 2287,2285,2278,
2289 : 188,2274,2290,
2290 : 2289,2287,2276,
2291 : 225,2092,2292,
2292 : 2291,1582,223,
2293 : 2023,359,2294,
2294 : 2293,2020,380,
2295 : 1961,381,2296,
2296 : 2295,1958,2297,
2297 : 1461,2296,2298,
2298 : 2297,1458,2299,
2299 : 1991,2298,2300,
2300 : 2299,1988,2301,
2301 : 1437,2300,2302,
2302 : 2301,1434,2303,
2303 : 1399,2302,2304,
2304 : 2303,2272,374,
2305 : 2308,376,2306,
2306 : 2305,905,364,
2307 : 1483,380,2308,
2308 : 2307,2305,2309,
2309 : 1501,2308,2310,
2310 : 2309,364,381,
2311 : 387,881,2312,
2312 : 343,2311,2313,
2313 : 2312,883,2314,
2314 : 345,2313,2315,
2315 : 2314,885,2316,
2316 : 347,2315,2317,
2317 : 2316,887,2318,
2318 : 349,2317,2319,
2319 : 2318,889,388,
2320 : 2322,346,2321,
2321 : 2320,348,1488,
2322 : 344,2320,2323,
2323 : 2322,1506,2324,
2324 : 342,2323,2325,
2325 : 2324,1966,2326,
2326 : 386,2325,2327,
2327 : 2326,1466,1999,
2328 : 1336,554,2175,
2329 : 556,2330,2174,
2330 : 2172,2329,2331,
2331 : 2330,558,1492,
2332 : 2528,2039,2333,
2333 : 2332,2533,2621,
2334 : 2533,441,2335,
2335 : 2334,2532,1202,
2336 : 1594,2082,443,
2337 : 1896,447,1381,
2338 : 2340,501,2649,
2339 : 1498,2502,2340,
2340 : 2339,2338,2636,
2341 : 1011,1476,2342,
2342 : 2341,2343,1478,
2343 : 2342,1008,2344,
2344 : 2343,2345,2018,
2345 : 2344,1454,2346,
2346 : 2345,2347,1456,
2347 : 1343,2346,2348,
2348 : 2347,1366,719,
2349 : 1497,2165,2350,
2350 : 2349,2351,2166,
2351 : 2350,1359,2501,
2352 : 2545,1244,2353,
2353 : 2352,2354,1221,
2354 : 1220,2353,2355,
2355 : 2354,1397,2356,
2356 : 1218,2355,2357,
2357 : 2356,1574,2359,
2358 : 1362,2360,2359,
2359 : 2358,2513,2357,
2360 : 2623,2358,2361,
2361 : 2360,2076,2362,
2362 : 2361,1592,2363,
2363 : 2362,2364,2622,
2364 : 2363,646,2112,
2365 : 2538,449,2498,
2366 : 450,2393,2367,
2367 : 1897,2366,2368,
2368 : 2367,2394,2369,
2369 : 1899,2368,2370,
2370 : 2369,2381,2371,
2371 : 1901,2370,2372,
2372 : 2371,2382,2373,
2373 : 1903,2372,2374,
2374 : 2373,963,2375,
2375 : 1905,2374,2376,
2376 : 2375,2386,2377,
2377 : 1907,2376,2378,
2378 : 2377,950,951,
2379 : 1909,952,2380,
2380 : 2379,2390,2783,
2381 : 2370,2396,2382,
2382 : 2372,2381,2383,
2383 : 2382,2398,2384,
2384 : 963,2383,2385,
2385 : 2384,2400,964,
2386 : 2376,965,2387,
2387 : 2386,2402,2388,
2388 : 950,2387,2389,
2389 : 2388,2404,2390,
2390 : 2380,2389,2391,
2391 : 2390,2406,2787,
2392 : 2409,2394,2393,
2393 : 2392,2366,432,
2394 : 2368,2392,2395,
2395 : 2394,1382,2396,
2396 : 2381,2395,2397,
2397 : 2396,2411,2398,
2398 : 2383,2397,2399,
2399 : 2398,2413,2400,
2400 : 2385,2399,2401,
2401 : 2400,2583,966,
2402 : 2387,967,2403,
2403 : 2402,2417,2404,
2404 : 2389,2403,2405,
2405 : 2404,968,2406,
2406 : 2391,2405,2407,
2407 : 2406,2421,2791,
2408 : 2410,446,2424,
2409 : 1382,2392,2410,
2410 : 2409,2408,2426,
2411 : 2397,1383,2412,
2412 : 2411,1364,2413,
2413 : 2399,2412,2414,
2414 : 2413,1614,2415,
2415 : 2583,2414,2416,
2416 : 2415,1638,2417,
2417 : 2403,2416,2418,
2418 : 2417,1664,2419,
2419 : 968,2418,2420,
2420 : 2419,2584,969,
2421 : 2407,970,2422,
2422 : 2421,1708,2795,
2423 : 2425,444,2441,
2424 : 2426,2408,2425,
2425 : 2424,2423,2443,
2426 : 2410,2424,2427,
2427 : 2426,2445,2034,
2428 : 572,2504,2684,
2429 : 1499,2448,2430,
2430 : 2429,2431,2502,
2431 : 2430,2449,506,
2432 : 2507,2451,2433,
2433 : 401,2432,2434,
2434 : 2433,2453,2435,
2435 : 415,2434,2436,
2436 : 2435,2455,2438,
2437 : 814,2439,2438,
2438 : 2437,393,2436,
2439 : 428,2437,2440,
2440 : 2439,822,2441,
2441 : 2423,2440,2442,
2442 : 2441,826,2443,
2443 : 2425,2442,2444,
2444 : 2443,2463,2445,
2445 : 2427,2444,2446,
2446 : 2445,2466,1384,
2447 : 2468,2449,2448,
2448 : 2447,2429,2209,
2449 : 2431,2447,2450,
2450 : 2449,2469,2451,
2451 : 2432,2450,2452,
2452 : 2451,2471,2453,
2453 : 2434,2452,2454,
2454 : 2453,2473,2455,
2455 : 2436,2454,2456,
2456 : 2455,2122,818,
2457 : 829,2459,2458,
2458 : 2457,841,843,
2459 : 839,2457,2460,
2460 : 2459,831,2461,
2461 : 837,2460,2462,
2462 : 2461,833,835,
2463 : 2444,828,2464,
2464 : 2463,2144,2465,
2465 : 2464,2128,2466,
2466 : 2465,1386,2446,
2467 : 2222,2469,2468,
2468 : 2467,2447,2215,
2469 : 2450,2467,2470,
2470 : 2469,2216,2471,
2471 : 2452,2470,2472,
2472 : 2471,1748,2473,
2473 : 2454,2472,2474,
2474 : 2473,1750,2122,
2475 : 2478,2191,2476,
2476 : 2475,2194,2260,
2477 : 2479,2258,2478,
2478 : 2477,2475,2264,
2479 : 2262,2477,701,
2480 : 2610,1178,2481,
2481 : 2480,2676,2514,
2482 : 2483,2610,550,
2483 : 2609,2482,2484,
2484 : 2483,552,1336,
2485 : 417,2098,1586,
2486 : 430,1531,2098,
2487 : 1531,419,2488,
2488 : 1375,2487,2489,
2489 : 2488,2493,1791,
2490 : 1633,1793,2491,
2491 : 2490,1335,1829,
2492 : 397,1898,1612,
2493 : 499,2489,2494,
2494 : 2493,-1,1827,
2495 : 1546,2554,1227,
2496 : 2101,478,1534,
2497 : 1896,492,2498,
2498 : 2497,2499,2365,
2499 : 2498,464,2500,
2500 : 2499,2541,2538,
2501 : 2167,2351,472,
2502 : 2339,2430,503,
2503 : 574,2506,2504,
2504 : 2503,440,2428,
2505 : 2042,570,2684,
2506 : 442,2503,2507,
2507 : 2506,506,2432,
2508 : 1391,610,1814,
2509 : 2566,2570,2510,
2510 : 2509,1235,2511,
2511 : 2568,2510,2512,
2512 : 2511,1237,1022,
2513 : 2623,1216,2359,
2514 : 2675,2481,577,
2515 : 586,2670,2671,
2516 : 2673,2674,587,
2517 : 589,2523,2518,
2518 : 2517,588,2525,
2519 : 594,2671,2672,
2520 : 2522,592,2521,
2521 : 2520,581,593,
2522 : 2520,596,2523,
2523 : 2522,2517,597,
2524 : 2672,2673,595,
2525 : 2518,600,2526,
2526 : 2525,575,601,
2527 : 2674,2675,599,
2528 : 2620,1360,2332,
2529 : 2683,2682,2530,
2530 : 2529,2688,1576,
2531 : 1578,1204,2532,
2532 : 2531,2335,400,
2533 : 2334,2333,2534,
2534 : 2533,2535,439,
2535 : 2799,2534,2536,
2536 : 2535,2039,2537,
2537 : 2536,2165,2042,
2538 : 2365,2500,2539,
2539 : 2538,1594,2540,
2540 : 2539,445,431,
2541 : 2500,2078,1593,
2542 : 1887,641,2543,
2543 : 2542,1396,1244,
2544 : 514,1371,2545,
2545 : 2544,1242,2352,
2546 : 637,1886,2547,
2547 : 2546,1241,2548,
2548 : 635,2547,2549,
2549 : 2548,1239,2550,
2550 : 633,2549,2551,
2551 : 2550,1222,2552,
2552 : 631,2551,2553,
2553 : 2552,1224,2555,
2554 : 2495,2556,2555,
2555 : 2554,629,2553,
2556 : 2554,1545,2608,
2557 : 628,2608,2558,
2558 : 2557,1784,2559,
2559 : 1388,2558,2560,
2560 : 2559,1785,2561,
2561 : 1566,2560,2562,
2562 : 2561,1787,2564,
2563 : 2569,2571,2564,
2564 : 2563,1339,2562,
2565 : 625,2572,2566,
2566 : 2565,2509,2567,
2567 : 623,2566,2568,
2568 : 2567,2511,2103,
2569 : 2570,2563,1788,
2570 : 2571,2569,2509,
2571 : 2563,2570,2572,
2572 : 2571,2565,627,
2573 : 701,2749,-1,
2574 : 2141,1772,1715,
2575 : 1695,2140,1712,
2576 : 1669,1694,1692,
2577 : 2578,1668,1666,
2578 : 1641,1642,2577,
2579 : 1617,1346,1642,
2580 : 1619,2581,1346,
2581 : 2580,1050,2582,
2582 : 2581,1762,2132,
2583 : 2401,2415,966,
2584 : 2420,1690,969,
2585 : 1849,1351,511,
2586 : 528,1591,1590,
2587 : 2158,2590,2588,
2588 : 2587,1195,2613,
2589 : 2156,1030,2590,
2590 : 2589,1197,2587,
2591 : 1552,2592,2801,
2592 : 208,2591,2593,
2593 : 2592,1716,1032,
2594 : 1540,2650,2664,
2595 : 1115,2598,2596,
2596 : 2595,1100,1120,
2597 : 1110,1119,2598,
2598 : 2597,1102,2595,
2599 : 1108,2602,2600,
2600 : 2599,1094,1124,
2601 : 1116,1123,2602,
2602 : 2601,1096,2599,
2603 : 2257,1141,2604,
2604 : 1936,2603,2605,
2605 : 2604,1143,1745,
2606 : 1745,1145,1753,
2607 : 1933,1134,2154,
2608 : 2556,2557,1162,
2609 : 1165,1544,2483,
2610 : 2480,2482,1544,
2611 : 2100,1588,1174,
2612 : 466,2102,2679,
2613 : 2588,2677,2617,
2614 : 2677,1201,2615,
2615 : 2614,2616,2619,
2616 : 2615,2095,2162,
2617 : 2613,2619,2618,
2618 : 2617,2159,1028,
2619 : 2615,2190,2617,
2620 : 1209,2528,2682,
2621 : 2682,2333,2687,
2622 : 2363,2111,1213,
2623 : 1894,2513,2360,
2624 : 2635,2627,2625,
2625 : 2624,1245,1251,
2626 : 1249,1253,2627,
2627 : 2626,2624,2632,
2628 : 1257,2633,2629,
2629 : 2628,2630,1255,
2630 : 1248,2629,2631,
2631 : 2630,2634,1259,
2632 : 1261,2627,2633,
2633 : 2632,2634,2628,
2634 : 2631,2633,2635,
2635 : 2634,2624,1263,
2636 : 2340,1519,2637,
2637 : 2636,2638,1520,
2638 : 2637,2643,2639,
2639 : 2638,2640,1986,
2640 : 2639,1478,2641,
2641 : 2640,2018,1480,
2642 : 1267,1479,2643,
2643 : 2642,2638,1518,
2644 : 1016,1269,2645,
2645 : 2644,1013,2646,
2646 : 2645,1012,2647,
2647 : 2646,1265,1268,
2648 : 1516,1270,2649,
2649 : 2648,1519,2338,
2650 : 2814,2594,2651,
2651 : 2650,2653,2658,
2652 : 2819,2187,2186,
2653 : 2651,1540,2654,
2654 : 2653,2655,2660,
2655 : 2662,2654,2656,
2656 : 2655,1409,1031,
2657 : 1035,2806,2658,
2658 : 2657,2651,2659,
2659 : 191,2658,2660,
2660 : 2659,2654,2661,
2661 : 199,2660,2662,
2662 : 2661,2655,1026,
2663 : 1407,2666,2664,
2664 : 2663,2594,2813,
2665 : 1406,2668,2666,
2666 : 2665,1415,2663,
2667 : 1406,2819,2668,
2668 : 2667,2186,2665,
2669 : 1557,1559,1403,
2670 : 2515,1400,583,
2671 : 2519,2515,591,
2672 : 598,2524,2519,
2673 : 590,2516,2524,
2674 : 602,2527,2516,
2675 : 580,2514,2527,
2676 : 1167,1427,2481,
2677 : 1199,2614,2613,
2678 : 2067,1589,1172,
2679 : 1174,1589,2612,
2680 : 1339,2067,1170,
2681 : 1213,1591,1894,
2682 : 2529,2620,2621,
2683 : 462,2529,2037,
2684 : 2505,2428,2799,
2685 : 1858,2073,1590,
2686 : 1822,1020,1210,
2687 : 2688,2621,1202,
2688 : 2687,1203,2530,
2689 : 2780,2698,2690,
2690 : 2689,-1,-1,
2691 : 2754,2699,2692,
2692 : 2691,2779,-1,
2693 : 2781,2704,2694,
2694 : 2693,2695,-1,
2695 : 2694,2702,2696,
2696 : 2695,2744,-1,
2697 : 1348,808,2698,
2698 : 2697,2689,2746,
2699 : 2747,2691,2700,
2700 : 2699,2751,2271,
2701 : 2197,2743,2702,
2702 : 2701,2695,2703,
2703 : 2261,2702,2704,
2704 : 2703,2693,2748,
2705 : 2707,2711,2706,
2706 : 2705,812,171,
2707 : 2713,2705,2708,
2708 : 2707,173,2709,
2709 : 2715,2708,2710,
2710 : 2709,175,1696,
2711 : 2712,-1,2705,
2712 : 2755,2711,2713,
2713 : 2712,2707,2714,
2714 : 2757,2713,2715,
2715 : 2714,2709,2716,
2716 : 2759,2715,2717,
2717 : 2716,1696,2718,
2718 : 2761,2717,2719,
2719 : 2718,1698,2720,
2720 : 2763,2719,2721,
2721 : 2720,1700,2734,
2722 : 2767,2735,2723,
2723 : 2722,955,2736,
2724 : 2739,1705,2725,
2725 : 2724,2726,2772,
2726 : 2725,1707,2727,
2727 : 2726,2740,2774,
2728 : 2778,2796,2729,
2729 : 2728,1708,2730,
2730 : 2729,1711,2731,
2731 : 2730,2732,-1,
2732 : 2731,2056,2733,
2733 : 2732,2750,811,
2734 : 2721,1801,2735,
2735 : 2734,2722,2764,
2736 : 2723,1838,2737,
2737 : 2736,2738,2768,
2738 : 2737,1875,2739,
2739 : 2738,2724,2770,
2740 : 2727,1909,2741,
2741 : 2740,2783,2776,
2742 : 2198,2752,2743,
2743 : 2742,2744,2701,
2744 : 2696,2743,2745,
2745 : 2744,2753,-1,
2746 : 2201,2698,2747,
2747 : 2746,2779,2699,
2748 : 2264,2704,2749,
2749 : 2748,2781,2573,
2750 : 2733,259,810,
2751 : 2200,2700,2752,
2752 : 2751,2753,2742,
2753 : 2745,2752,2754,
2754 : 2753,2691,-1,
2755 : -1,2712,2756,
2756 : -1,2755,2757,
2757 : 2756,2714,2758,
2758 : -1,2757,2759,
2759 : 2758,2716,2760,
2760 : -1,2759,2761,
2761 : 2760,2718,2762,
2762 : -1,2761,2763,
2763 : 2762,2720,2764,
2764 : 2763,2735,2765,
2765 : 2764,2766,-1,
2766 : -1,2765,2767,
2767 : 2766,2722,2768,
2768 : 2767,2737,2769,
2769 : 2768,2770,-1,
2770 : 2769,2739,2771,
2771 : 2770,2772,-1,
2772 : 2771,2725,2773,
2773 : 2772,2774,-1,
2774 : 2773,2727,2775,
2775 : 2774,2776,-1,
2776 : 2775,2741,2777,
2777 : 2776,2785,-1,
2778 : 2798,2728,-1,
2779 : 2692,2747,2780,
2780 : 2779,2689,-1,
2781 : 2749,2693,2782,
2782 : 2781,-1,-1,
2783 : 2741,2380,2784,
2784 : 2783,2787,2785,
2785 : 2777,2784,2786,
2786 : 2785,2789,-1,
2787 : 2784,2391,2788,
2788 : 2787,2791,2789,
2789 : 2786,2788,2790,
2790 : 2789,2793,-1,
2791 : 2788,2407,2792,
2792 : 2791,2795,2793,
2793 : 2790,2792,2794,
2794 : 2793,2797,-1,
2795 : 2792,2422,2796,
2796 : 2795,2728,2797,
2797 : 2794,2796,2798,
2798 : 2797,2778,-1,
2799 : 2535,2684,439,
2800 : 2809,2807,2801,
2801 : 2800,2804,2591,
2802 : 2815,2812,2803,
2803 : 2802,2808,2817,
2804 : 2801,2808,2805,
2805 : 2804,2814,2806,
2806 : 2805,2657,1034,
2807 : 2800,2809,2808,
2808 : 2807,2803,2804,
2809 : 2807,2800,2810,
2810 : 2809,209,2811,
2811 : 2810,2188,2818,
2812 : 2802,2816,2813,
2813 : 2812,2664,2814,
2814 : 2813,2650,2805,
2815 : 2802,2817,2816,
2816 : 2815,1407,2812,
2817 : 2815,2803,2818,
2818 : 2817,2811,2819,
2819 : 2818,2652,2667,
