インデックスバッファ配列の中身
出力元：MeshData.cpp
ポリゴンインデックス : ポリゴンを構成する頂点インデックス1, 2, 3

3,2,1,
3,1,0,
11,10,9,
11,9,8,
15,14,13,
15,13,12,
19,18,17,
19,17,16,
23,22,21,
23,21,20,
27,26,25,
27,25,24,
35,34,33,
35,33,32,
39,38,37,
39,37,36,
51,50,49,
51,49,48,
55,54,53,
55,53,52,
67,66,65,
67,65,64,
79,78,77,
79,77,76,
83,82,81,
83,81,80,
103,102,101,
103,101,100,
107,106,105,
107,105,104,
111,110,109,
111,109,108,
115,114,113,
115,113,112,
119,118,117,
119,117,116,
123,122,121,
123,121,120,
127,126,125,
127,125,124,
131,130,129,
131,129,128,
135,134,133,
135,133,132,
139,138,137,
139,137,136,
143,142,141,
143,141,140,
147,146,145,
147,145,144,
151,150,149,
151,149,148,
155,154,153,
155,153,152,
159,158,157,
159,157,156,
167,166,165,
167,165,164,
171,170,169,
171,169,168,
179,178,177,
179,177,176,
183,182,181,
183,181,180,
187,186,185,
187,185,184,
191,190,189,
191,189,188,
199,198,197,
199,197,196,
203,202,201,
203,201,200,
215,214,213,
215,213,212,
219,218,217,
219,217,216,
231,230,229,
231,229,228,
235,234,233,
235,233,232,
243,242,241,
243,241,240,
247,246,245,
247,245,244,
251,250,249,
251,249,248,
255,254,253,
255,253,252,
259,258,257,
259,257,256,
267,266,265,
267,265,264,
271,270,269,
271,269,268,
279,278,277,
279,277,276,
283,282,281,
283,281,280,
299,298,297,
299,297,296,
303,302,301,
303,301,300,
1305,1304,1303,
1305,1303,1302,
2396,2395,2394,
2396,2394,2393,
2403,2402,2401,
2403,2401,2400,
2407,2406,2405,
2407,2405,2404,
2411,2410,2409,
2411,2409,2408,
2415,2414,2413,
2415,2413,2412,
2419,2418,2417,
2419,2417,2416,
2423,2422,2421,
2423,2421,2420,
2427,2426,2425,
2427,2425,2424,
2431,2430,2429,
2431,2429,2428,
2435,2434,2433,
2435,2433,2432,
2439,2438,2437,
2439,2437,2436,
2443,2442,2441,
2443,2441,2440,
2447,2446,2445,
2447,2445,2444,
2451,2450,2449,
2451,2449,2448,
2455,2454,2453,
2455,2453,2452,
2459,2458,2457,
2459,2457,2456,
2463,2462,2461,
2463,2461,2460,
2467,2466,2465,
2467,2465,2464,
2471,2470,2469,
2471,2469,2468,
2475,2474,2473,
2475,2473,2472,
2479,2478,2477,
2479,2477,2476,
2483,2482,2481,
2483,2481,2480,
2487,2486,2485,
2487,2485,2484,
2491,2490,2489,
2491,2489,2488,
2499,2498,2497,
2499,2497,2496,
2503,2502,2501,
2503,2501,2500,
2507,2506,2505,
2507,2505,2504,
2511,2510,2509,
2511,2509,2508,
2515,2514,2513,
2515,2513,2512,
2519,2518,2517,
2519,2517,2516,
2523,2522,2521,
2523,2521,2520,
2527,2526,2525,
2527,2525,2524,
2531,2530,2529,
2531,2529,2528,
2535,2534,2533,
2535,2533,2532,
2539,2538,2537,
2539,2537,2536,
2543,2542,2541,
2543,2541,2540,
2547,2546,2545,
2547,2545,2544,
2551,2550,2549,
2551,2549,2548,
2555,2554,2553,
2555,2553,2552,
2559,2558,2557,
2559,2557,2556,
2563,2562,2561,
2563,2561,2560,
2566,2565,2564,
2581,2580,2579,
2605,2604,2603,
2605,2603,2602,
2609,2608,2607,
2609,2607,2606,
2613,2612,2611,
2613,2611,2610,
2617,2616,2615,
2617,2615,2614,
2621,2620,2619,
2621,2619,2618,
2625,2624,2623,
2625,2623,2622,
2629,2628,2627,
2629,2627,2626,
2633,2632,2631,
2633,2631,2630,
2637,2636,2635,
2637,2635,2634,
2641,2640,2639,
2641,2639,2638,
2645,2644,2643,
2645,2643,2642,
2649,2648,2647,
2649,2647,2646,
2653,2652,2651,
2653,2651,2650,
2657,2656,2655,
2657,2655,2654,
2661,2660,2659,
2661,2659,2658,
2665,2664,2663,
2665,2663,2662,
2669,2668,2667,
2669,2667,2666,
2672,2671,2670,
2676,2675,2674,
2676,2674,2673,
2680,2679,2678,
2680,2678,2677,
2684,2683,2682,
2684,2682,2681,
2688,2687,2686,
2688,2686,2685,
2692,2691,2690,
2692,2690,2689,
2696,2695,2694,
2696,2694,2693,
2700,2699,2698,
2700,2698,2697,
2704,2703,2702,
2704,2702,2701,
2708,2707,2706,
2708,2706,2705,
2712,2711,2710,
2712,2710,2709,
2716,2715,2714,
2716,2714,2713,
2719,2718,2717,
2722,2721,2720,
2725,2724,2723,
2733,2732,2731,
2733,2731,2730,
2737,2736,2735,
2737,2735,2734,
2741,2740,2739,
2741,2739,2738,
2745,2744,2743,
2745,2743,2742,
2749,2748,2747,
2749,2747,2746,
2753,2752,2751,
2753,2751,2750,
2757,2756,2755,
2757,2755,2754,
2761,2760,2759,
2761,2759,2758,
2765,2764,2763,
2765,2763,2762,
2769,2768,2767,
2769,2767,2766,
2773,2772,2771,
2773,2771,2770,
2777,2776,2775,
2777,2775,2774,
2781,2780,2779,
2781,2779,2778,
2785,2784,2783,
2785,2783,2782,
2789,2788,2787,
2789,2787,2786,
2793,2792,2791,
2793,2791,2790,
2797,2796,2795,
2797,2795,2794,
2801,2800,2799,
2801,2799,2798,
2805,2804,2803,
2805,2803,2802,
2809,2808,2807,
2809,2807,2806,
2813,2812,2811,
2813,2811,2810,
2817,2816,2815,
2817,2815,2814,
2821,2820,2819,
2821,2819,2818,
2825,2824,2823,
2825,2823,2822,
2829,2828,2827,
2829,2827,2826,
2833,2832,2831,
2833,2831,2830,
2837,2836,2835,
2837,2835,2834,
2841,2840,2839,
2841,2839,2838,
2845,2844,2843,
2845,2843,2842,
2849,2848,2847,
2849,2847,2846,
2853,2852,2851,
2853,2851,2850,
2857,2856,2855,
2857,2855,2854,
2861,2860,2859,
2861,2859,2858,
2865,2864,2863,
2865,2863,2862,
2869,2868,2867,
2869,2867,2866,
2873,2872,2871,
2873,2871,2870,
2877,2876,2875,
2877,2875,2874,
2881,2880,2879,
2881,2879,2878,
2935,2934,2933,
2935,2933,2932,
2963,2962,2961,
2963,2961,2960,
2967,2966,2965,
2967,2965,2964,
2971,2970,2969,
2971,2969,2968,
2975,2974,2973,
2975,2973,2972,
2979,2978,2977,
2979,2977,2976,
2983,2982,2981,
2983,2981,2980,
2987,2986,2985,
2987,2985,2984,
2991,2990,2989,
2991,2989,2988,
2995,2994,2993,
2995,2993,2992,
2999,2998,2997,
2999,2997,2996,
3003,3002,3001,
3003,3001,3000,
3007,3006,3005,
3007,3005,3004,
3011,3010,3009,
3011,3009,3008,
3015,3014,3013,
3015,3013,3012,
3019,3018,3017,
3019,3017,3016,
3023,3022,3021,
3023,3021,3020,
3027,3026,3025,
3027,3025,3024,
3031,3030,3029,
3031,3029,3028,
3035,3034,3033,
3035,3033,3032,
3039,3038,3037,
3039,3037,3036,
3043,3042,3041,
3043,3041,3040,
3047,3046,3045,
3047,3045,3044,
3051,3050,3049,
3051,3049,3048,
3055,3054,3053,
3055,3053,3052,
3059,3058,3057,
3059,3057,3056,
3063,3062,3061,
3063,3061,3060,
3067,3066,3065,
3067,3065,3064,
3074,3073,3072,
3085,3084,3083,
3089,3088,3087,
3089,3087,3086,
3093,3092,3091,
3093,3091,3090,
3100,3099,3098,
3100,3098,3097,
3120,3119,3118,
3120,3118,3117,
3140,3139,3138,
3140,3138,3137,
3539,3538,3537,
3539,3537,3536,
3543,3542,3541,
3543,3541,3540,
3547,3546,3545,
3547,3545,3544,
3551,3550,3549,
3551,3549,3548,
3555,3554,3553,
3555,3553,3552,
3559,3558,3557,
3559,3557,3556,
3563,3562,3561,
3563,3561,3560,
3567,3566,3565,
3567,3565,3564,
3571,3570,3569,
3571,3569,3568,
3575,3574,3573,
3575,3573,3572,
3579,3578,3577,
3579,3577,3576,
3583,3582,3581,
3583,3581,3580,
3587,3586,3585,
3587,3585,3584,
3591,3590,3589,
3591,3589,3588,
3594,3593,3592,
3598,3597,3596,
3598,3596,3595,
3602,3601,3600,
3602,3600,3599,
3606,3605,3604,
3606,3604,3603,
3610,3609,3608,
3610,3608,3607,
3614,3613,3612,
3614,3612,3611,
3618,3617,3616,
3618,3616,3615,
3622,3621,3620,
3622,3620,3619,
3626,3625,3624,
3626,3624,3623,
3630,3629,3628,
3630,3628,3627,
3634,3633,3632,
3634,3632,3631,
3638,3637,3636,
3638,3636,3635,
3642,3641,3640,
3642,3640,3639,
3646,3645,3644,
3646,3644,3643,
3650,3649,3648,
3650,3648,3647,
3654,3653,3652,
3654,3652,3651,
3658,3657,3656,
3658,3656,3655,
3662,3661,3660,
3662,3660,3659,
3666,3665,3664,
3666,3664,3663,
3687,3686,3685,
3687,3685,3684,
3691,3690,3689,
3691,3689,3688,
3695,3694,3693,
3695,3693,3692,
3699,3698,3697,
3699,3697,3696,
3703,3702,3701,
3703,3701,3700,
3707,3706,3705,
3707,3705,3704,
3711,3710,3709,
3711,3709,3708,
3715,3714,3713,
3715,3713,3712,
3719,3718,3717,
3719,3717,3716,
3723,3722,3721,
3723,3721,3720,
3727,3726,3725,
3727,3725,3724,
3731,3730,3729,
3731,3729,3728,
3735,3734,3733,
3735,3733,3732,
3739,3738,3737,
3739,3737,3736,
3743,3742,3741,
3743,3741,3740,
3747,3746,3745,
3747,3745,3744,
3751,3750,3749,
3751,3749,3748,
3755,3754,3753,
3755,3753,3752,
3759,3758,3757,
3759,3757,3756,
3763,3762,3761,
3763,3761,3760,
3767,3766,3765,
3767,3765,3764,
3770,3769,3768,
3784,3783,3782,
3784,3782,3781,
3788,3787,3786,
3788,3786,3785,
3792,3791,3790,
3792,3790,3789,
3799,3798,3797,
3817,3816,3815,
3817,3815,3814,
3821,3820,3819,
3821,3819,3818,
3825,3824,3823,
3825,3823,3822,
3829,3828,3827,
3829,3827,3826,
3833,3832,3831,
3833,3831,3830,
3837,3836,3835,
3837,3835,3834,
3841,3840,3839,
3841,3839,3838,
3845,3844,3843,
3845,3843,3842,
3849,3848,3847,
3849,3847,3846,
3853,3852,3851,
3853,3851,3850,
3857,3856,3855,
3857,3855,3854,
3861,3860,3859,
3861,3859,3858,
3864,3863,3862,
3868,3867,3866,
3868,3866,3865,
3872,3871,3870,
3872,3870,3869,
3876,3875,3874,
3876,3874,3873,
3880,3879,3878,
3880,3878,3877,
3884,3883,3882,
3884,3882,3881,
3888,3887,3886,
3888,3886,3885,
3892,3891,3890,
3892,3890,3889,
3896,3895,3894,
3896,3894,3893,
3900,3899,3898,
3900,3898,3897,
3904,3903,3902,
3904,3902,3901,
3908,3907,3906,
3908,3906,3905,
3912,3911,3910,
3912,3910,3909,
3916,3915,3914,
3916,3914,3913,
3920,3919,3918,
3920,3918,3917,
3924,3923,3922,
3924,3922,3921,
3928,3927,3926,
3928,3926,3925,
3932,3931,3930,
3932,3930,3929,
3936,3935,3934,
3936,3934,3933,
3940,3939,3938,
3940,3938,3937,
3944,3943,3942,
3944,3942,3941,
3948,3947,3946,
3948,3946,3945,
3951,3950,3949,
3955,3954,3953,
3955,3953,3952,
3959,3958,3957,
3959,3957,3956,
3966,3965,3964,
3966,3964,3963,
3970,3969,3968,
3970,3968,3967,
3974,3973,3972,
3974,3972,3971,
3981,3980,3979,
3981,3979,3978,
3988,3987,3986,
3988,3986,3985,
3992,3991,3990,
3992,3990,3989,
4003,4002,4001,
4003,4001,4000,
4011,4010,4009,
4011,4009,4008,
4015,4014,4013,
4015,4013,4012,
4023,4022,4021,
4023,4021,4020,
4030,4029,4028,
4030,4028,4027,
4038,4037,4036,
4038,4036,4035,
4044,4043,4042,
4048,4047,4046,
4048,4046,4045,
4052,4051,4050,
4052,4050,4049,
4056,4055,4054,
4056,4054,4053,
4059,4058,4057,
4062,4061,4060,
4066,4065,4064,
4066,4064,4063,
4070,4069,4068,
4070,4068,4067,
4074,4073,4072,
4074,4072,4071,
4078,4077,4076,
4078,4076,4075,
4082,4081,4080,
4082,4080,4079,
4085,4084,4083,
4089,4088,4087,
4089,4087,4086,
4093,4092,4091,
4093,4091,4090,
4096,4095,4094,
4099,4098,4097,
4103,4102,4101,
4103,4101,4100,
4107,4106,4105,
4107,4105,4104,
4111,4110,4109,
4111,4109,4108,
4115,4114,4113,
4115,4113,4112,
4119,4118,4117,
4119,4117,4116,
4123,4122,4121,
4123,4121,4120,
4127,4126,4125,
4127,4125,4124,
4130,4129,4128,
4134,4133,4132,
4134,4132,4131,
4138,4137,4136,
4138,4136,4135,
4142,4141,4140,
4142,4140,4139,
4146,4145,4144,
4146,4144,4143,
4150,4149,4148,
4150,4148,4147,
4154,4153,4152,
4154,4152,4151,
4158,4157,4156,
4158,4156,4155,
4261,4260,4259,
4261,4259,4258,
4265,4264,4263,
4265,4263,4262,
4269,4268,4267,
4269,4267,4266,
4273,4272,4271,
4273,4271,4270,
4277,4276,4275,
4277,4275,4274,
4281,4280,4279,
4281,4279,4278,
4285,4284,4283,
4285,4283,4282,
4289,4288,4287,
4289,4287,4286,
4293,4292,4291,
4293,4291,4290,
4297,4296,4295,
4297,4295,4294,
4301,4300,4299,
4301,4299,4298,
4305,4304,4303,
4305,4303,4302,
4309,4308,4307,
4309,4307,4306,
4313,4312,4311,
4313,4311,4310,
4317,4316,4315,
4317,4315,4314,
4321,4320,4319,
4321,4319,4318,
4325,4324,4323,
4325,4323,4322,
4329,4328,4327,
4329,4327,4326,
4333,4332,4331,
4333,4331,4330,
4337,4336,4335,
4337,4335,4334,
4341,4340,4339,
4341,4339,4338,
4345,4344,4343,
4345,4343,4342,
4349,4348,4347,
4349,4347,4346,
4353,4352,4351,
4353,4351,4350,
4357,4356,4355,
4357,4355,4354,
4361,4360,4359,
4361,4359,4358,
4365,4364,4363,
4365,4363,4362,
4369,4368,4367,
4369,4367,4366,
4373,4372,4371,
4373,4371,4370,
4377,4376,4375,
4377,4375,4374,
4381,4380,4379,
4381,4379,4378,
4385,4384,4383,
4385,4383,4382,
4389,4388,4387,
4389,4387,4386,
4393,4392,4391,
4393,4391,4390,
4397,4396,4395,
4397,4395,4394,
4401,4400,4399,
4401,4399,4398,
4405,4404,4403,
4405,4403,4402,
4409,4408,4407,
4409,4407,4406,
4413,4412,4411,
4413,4411,4410,
4417,4416,4415,
4417,4415,4414,
4421,4420,4419,
4421,4419,4418,
4425,4424,4423,
4425,4423,4422,
4429,4428,4427,
4429,4427,4426,
4433,4432,4431,
4433,4431,4430,
4437,4436,4435,
4437,4435,4434,
4441,4440,4439,
4441,4439,4438,
4445,4444,4443,
4445,4443,4442,
4449,4448,4447,
4449,4447,4446,
4453,4452,4451,
4453,4451,4450,
4457,4456,4455,
4457,4455,4454,
4461,4460,4459,
4461,4459,4458,
4465,4464,4463,
4465,4463,4462,
4469,4468,4467,
4469,4467,4466,
4473,4472,4471,
4473,4471,4470,
4477,4476,4475,
4477,4475,4474,
4481,4480,4479,
4481,4479,4478,
4485,4484,4483,
4485,4483,4482,
4489,4488,4487,
4489,4487,4486,
4493,4492,4491,
4493,4491,4490,
4497,4496,4495,
4497,4495,4494,
4501,4500,4499,
4501,4499,4498,
4505,4504,4503,
4505,4503,4502,
4509,4508,4507,
4509,4507,4506,
4513,4512,4511,
4513,4511,4510,
4517,4516,4515,
4517,4515,4514,
4521,4520,4519,
4521,4519,4518,
4525,4524,4523,
4525,4523,4522,
4529,4528,4527,
4529,4527,4526,
4533,4532,4531,
4533,4531,4530,
4537,4536,4535,
4537,4535,4534,
4541,4540,4539,
4541,4539,4538,
4545,4544,4543,
4545,4543,4542,
4549,4548,4547,
4549,4547,4546,
4553,4552,4551,
4553,4551,4550,
4557,4556,4555,
4557,4555,4554,
4560,4559,4558,
4567,4566,4565,
4567,4565,4564,
4570,4569,4568,
4573,4572,4571,
4602,4601,4600,
4602,4600,4599,
4606,4605,4604,
4606,4604,4603,
4610,4609,4608,
4610,4608,4607,
4614,4613,4612,
4614,4612,4611,
4618,4617,4616,
4618,4616,4615,
4622,4621,4620,
4622,4620,4619,
4626,4625,4624,
4626,4624,4623,
4630,4629,4628,
4630,4628,4627,
4634,4633,4632,
4634,4632,4631,
4638,4637,4636,
4638,4636,4635,
4642,4641,4640,
4642,4640,4639,
4646,4645,4644,
4646,4644,4643,
4650,4649,4648,
4650,4648,4647,
4654,4653,4652,
4654,4652,4651,
4658,4657,4656,
4658,4656,4655,
4662,4661,4660,
4662,4660,4659,
4666,4665,4664,
4666,4664,4663,
4670,4669,4668,
4670,4668,4667,
4674,4673,4672,
4674,4672,4671,
4678,4677,4676,
4678,4676,4675,
4682,4681,4680,
4682,4680,4679,
4686,4685,4684,
4686,4684,4683,
4690,4689,4688,
4690,4688,4687,
4694,4693,4692,
4694,4692,4691,
4698,4697,4696,
4698,4696,4695,
4702,4701,4700,
4702,4700,4699,
4706,4705,4704,
4706,4704,4703,
4710,4709,4708,
4710,4708,4707,
4714,4713,4712,
4714,4712,4711,
4718,4717,4716,
4718,4716,4715,
4722,4721,4720,
4722,4720,4719,
4726,4725,4724,
4726,4724,4723,
4730,4729,4728,
4730,4728,4727,
4734,4733,4732,
4734,4732,4731,
4738,4737,4736,
4738,4736,4735,
4742,4741,4740,
4742,4740,4739,
4746,4745,4744,
4746,4744,4743,
4750,4749,4748,
4750,4748,4747,
4754,4753,4752,
4754,4752,4751,
4758,4757,4756,
4758,4756,4755,
4762,4761,4760,
4762,4760,4759,
4766,4765,4764,
4766,4764,4763,
4770,4769,4768,
4770,4768,4767,
4774,4773,4772,
4774,4772,4771,
4778,4777,4776,
4778,4776,4775,
4782,4781,4780,
4782,4780,4779,
4786,4785,4784,
4786,4784,4783,
4790,4789,4788,
4790,4788,4787,
4794,4793,4792,
4794,4792,4791,
4798,4797,4796,
4798,4796,4795,
4802,4801,4800,
4802,4800,4799,
4806,4805,4804,
4806,4804,4803,
4810,4809,4808,
4810,4808,4807,
4814,4813,4812,
4814,4812,4811,
4818,4817,4816,
4818,4816,4815,
4822,4821,4820,
4822,4820,4819,
4826,4825,4824,
4826,4824,4823,
4830,4829,4828,
4830,4828,4827,
4834,4833,4832,
4834,4832,4831,
4838,4837,4836,
4838,4836,4835,
4842,4841,4840,
4842,4840,4839,
4846,4845,4844,
4846,4844,4843,
4850,4849,4848,
4850,4848,4847,
4854,4853,4852,
4854,4852,4851,
4858,4857,4856,
4858,4856,4855,
4862,4861,4860,
4862,4860,4859,
4865,4864,4863,
4869,4868,4867,
4869,4867,4866,
4873,4872,4871,
4873,4871,4870,
4876,4875,4874,
4880,4879,4878,
4880,4878,4877,
4883,4882,4881,
4887,4886,4885,
4887,4885,4884,
4890,4889,4888,
4893,4892,4891,
4897,4896,4895,
4897,4895,4894,
4900,4899,4898,
4904,4903,4902,
4904,4902,4901,
4907,4906,4905,
4911,4910,4909,
4911,4909,4908,
4918,4917,4916,
4918,4916,4915,
4924,4923,4922,
4928,4927,4926,
4928,4926,4925,
4932,4931,4930,
4932,4930,4929,
4936,4935,4934,
4936,4934,4933,
4940,4939,4938,
4940,4938,4937,
4944,4943,4942,
4944,4942,4941,
4948,4947,4946,
4948,4946,4945,
4952,4951,4950,
4952,4950,4949,
4956,4955,4954,
4956,4954,4953,
4960,4959,4958,
4960,4958,4957,
4964,4963,4962,
4964,4962,4961,
4968,4967,4966,
4968,4966,4965,
4972,4971,4970,
4972,4970,4969,
4976,4975,4974,
4976,4974,4973,
4980,4979,4978,
4980,4978,4977,
4984,4983,4982,
4984,4982,4981,
4988,4987,4986,
4988,4986,4985,
4992,4991,4990,
4992,4990,4989,
4996,4995,4994,
4996,4994,4993,
5000,4999,4998,
5000,4998,4997,
5004,5003,5002,
5004,5002,5001,
5008,5007,5006,
5008,5006,5005,
5012,5011,5010,
5012,5010,5009,
5016,5015,5014,
5016,5014,5013,
5020,5019,5018,
5020,5018,5017,
5023,5022,5021,
5030,5029,5028,
5030,5028,5027,
5037,5036,5035,
5037,5035,5034,
5041,5040,5039,
5041,5039,5038,
5045,5044,5043,
5045,5043,5042,
5049,5048,5047,
5049,5047,5046,
5053,5052,5051,
5053,5051,5050,
5065,5064,5063,
5065,5063,5062,
5076,5075,5074,
5076,5074,5073,
5080,5079,5078,
5080,5078,5077,
5087,5086,5085,
5087,5085,5084,
5091,5090,5089,
5091,5089,5088,
5095,5094,5093,
5095,5093,5092,
5099,5098,5097,
5099,5097,5096,
5103,5102,5101,
5103,5101,5100,
5107,5106,5105,
5107,5105,5104,
5111,5110,5109,
5111,5109,5108,
5115,5114,5113,
5115,5113,5112,
5119,5118,5117,
5119,5117,5116,
5123,5122,5121,
5123,5121,5120,
5127,5126,5125,
5127,5125,5124,
5131,5130,5129,
5131,5129,5128,
5135,5134,5133,
5135,5133,5132,
5139,5138,5137,
5139,5137,5136,
5143,5142,5141,
5143,5141,5140,
5147,5146,5145,
5147,5145,5144,
5151,5150,5149,
5151,5149,5148,
5155,5154,5153,
5155,5153,5152,
5159,5158,5157,
5159,5157,5156,
5163,5162,5161,
5163,5161,5160,
5167,5166,5165,
5167,5165,5164,
5171,5170,5169,
5171,5169,5168,
5175,5174,5173,
5175,5173,5172,
5179,5178,5177,
5179,5177,5176,
5183,5182,5181,
5183,5181,5180,
5187,5186,5185,
5187,5185,5184,
5191,5190,5189,
5191,5189,5188,
5195,5194,5193,
5195,5193,5192,
5199,5198,5197,
5199,5197,5196,
5203,5202,5201,
5203,5201,5200,
5207,5206,5205,
5207,5205,5204,
5211,5210,5209,
5211,5209,5208,
5215,5214,5213,
5215,5213,5212,
5219,5218,5217,
5219,5217,5216,
5223,5222,5221,
5223,5221,5220,
5227,5226,5225,
5227,5225,5224,
5231,5230,5229,
5231,5229,5228,
5235,5234,5233,
5235,5233,5232,
5239,5238,5237,
5239,5237,5236,
5243,5242,5241,
5243,5241,5240,
5247,5246,5245,
5247,5245,5244,
5251,5250,5249,
5251,5249,5248,
5255,5254,5253,
5255,5253,5252,
5275,5274,5273,
5275,5273,5272,
5279,5278,5277,
5279,5277,5276,
5296,5295,5294,
5296,5294,5293,
5300,5299,5298,
5300,5298,5297,
5304,5303,5302,
5304,5302,5301,
5308,5307,5306,
5308,5306,5305,
5312,5311,5310,
5312,5310,5309,
5316,5315,5314,
5316,5314,5313,
5320,5319,5318,
5320,5318,5317,
5324,5323,5322,
5324,5322,5321,
5328,5327,5326,
5328,5326,5325,
5332,5331,5330,
5332,5330,5329,
5336,5335,5334,
5336,5334,5333,
5340,5339,5338,
5340,5338,5337,
5344,5343,5342,
5344,5342,5341,
5348,5347,5346,
5348,5346,5345,
5352,5351,5350,
5352,5350,5349,
5356,5355,5354,
5356,5354,5353,
5360,5359,5358,
5360,5358,5357,
5364,5363,5362,
5364,5362,5361,
5371,5370,5369,
5371,5369,5368,
5375,5374,5373,
5375,5373,5372,
5382,5381,5380,
5382,5380,5379,
5386,5385,5384,
5386,5384,5383,
5393,5392,5391,
5393,5391,5390,
5397,5396,5395,
5397,5395,5394,
5406,5405,5404,
5410,5409,5408,
5410,5408,5407,
5414,5413,5412,
5414,5412,5411,
5418,5417,5416,
5418,5416,5415,
5422,5421,5420,
5422,5420,5419,
5426,5425,5424,
5426,5424,5423,
5430,5429,5428,
5430,5428,5427,
5434,5433,5432,
5434,5432,5431,
5438,5437,5436,
5438,5436,5435,
5442,5441,5440,
5442,5440,5439,
5446,5445,5444,
5446,5444,5443,
5450,5449,5448,
5450,5448,5447,
5454,5453,5452,
5454,5452,5451,
5468,5467,5466,
5468,5466,5465,
5475,5474,5473,
5484,5483,5482,
5491,5490,5489,
5491,5489,5488,
5495,5494,5493,
5495,5493,5492,
5499,5498,5497,
5499,5497,5496,
5502,5501,5500,
5511,5510,5509,
5515,5514,5513,
5515,5513,5512,
5518,5517,5516,
5521,5520,5519,
5525,5524,5523,
5525,5523,5522,
5529,5528,5527,
5529,5527,5526,
5533,5532,5531,
5533,5531,5530,
5536,5535,5534,
5540,5539,5538,
5540,5538,5537,
5544,5543,5542,
5544,5542,5541,
5548,5547,5546,
5548,5546,5545,
5552,5551,5550,
5552,5550,5549,
5556,5555,5554,
5556,5554,5553,
5560,5559,5558,
5560,5558,5557,
5564,5563,5562,
5564,5562,5561,
5568,5567,5566,
5568,5566,5565,
5572,5571,5570,
5572,5570,5569,
5576,5575,5574,
5576,5574,5573,
5580,5579,5578,
5580,5578,5577,
5583,5582,5581,
5587,5586,5585,
5587,5585,5584,
5595,5594,5593,
5595,5593,5592,
5599,5598,5597,
5599,5597,5596,
5603,5602,5601,
5603,5601,5600,
5607,5606,5605,
5607,5605,5604,
5615,5614,5613,
5615,5613,5612,
5619,5618,5617,
5619,5617,5616,
5631,5630,5629,
5631,5629,5628,
5635,5634,5633,
5635,5633,5632,
5647,5646,5645,
5647,5645,5644,
5666,5665,5664,
5666,5664,5663,
5674,5673,5672,
5674,5672,5671,
5684,5683,5682,
5684,5682,5681,
5691,5690,5689,
5695,5694,5693,
5695,5693,5692,
5698,5697,5696,
7,6,5,
7,5,4,
31,30,29,
31,29,28,
43,42,41,
43,41,40,
47,46,45,
47,45,44,
59,58,57,
59,57,56,
63,62,61,
63,61,60,
71,70,69,
71,69,68,
75,74,73,
75,73,72,
87,86,85,
87,85,84,
91,90,89,
91,89,88,
95,94,93,
95,93,92,
99,98,97,
99,97,96,
163,162,161,
163,161,160,
175,174,173,
175,173,172,
195,194,193,
195,193,192,
207,206,205,
207,205,204,
211,210,209,
211,209,208,
223,222,221,
223,221,220,
227,226,225,
227,225,224,
239,238,237,
239,237,236,
263,262,261,
263,261,260,
275,274,273,
275,273,272,
287,286,285,
287,285,284,
291,290,289,
291,289,288,
295,294,293,
295,293,292,
307,306,305,
307,305,304,
311,310,309,
311,309,308,
315,314,313,
315,313,312,
319,318,317,
319,317,316,
323,322,321,
323,321,320,
326,325,324,
329,328,327,
333,332,331,
333,331,330,
336,335,334,
340,339,338,
340,338,337,
344,343,342,
344,342,341,
348,347,346,
348,346,345,
352,351,350,
352,350,349,
359,358,357,
363,362,361,
363,361,360,
367,366,365,
367,365,364,
371,370,369,
371,369,368,
375,374,373,
375,373,372,
379,378,377,
379,377,376,
383,382,381,
383,381,380,
387,386,385,
387,385,384,
391,390,389,
391,389,388,
395,394,393,
395,393,392,
399,398,397,
399,397,396,
403,402,401,
403,401,400,
406,405,404,
410,409,408,
410,408,407,
413,412,411,
417,416,415,
417,415,414,
420,419,418,
424,423,422,
424,422,421,
428,427,426,
428,426,425,
432,431,430,
432,430,429,
436,435,434,
436,434,433,
440,439,438,
440,438,437,
444,443,442,
444,442,441,
448,447,446,
448,446,445,
452,451,450,
452,450,449,
456,455,454,
456,454,453,
460,459,458,
460,458,457,
464,463,462,
464,462,461,
468,467,466,
468,466,465,
472,471,470,
472,470,469,
476,475,474,
476,474,473,
480,479,478,
480,478,477,
484,483,482,
484,482,481,
488,487,486,
488,486,485,
492,491,490,
492,490,489,
496,495,494,
496,494,493,
500,499,498,
500,498,497,
504,503,502,
504,502,501,
508,507,506,
508,506,505,
511,510,509,
515,514,513,
515,513,512,
519,518,517,
519,517,516,
522,521,520,
526,525,524,
526,524,523,
530,529,528,
530,528,527,
534,533,532,
534,532,531,
538,537,536,
538,536,535,
542,541,540,
542,540,539,
546,545,544,
546,544,543,
550,549,548,
550,548,547,
554,553,552,
554,552,551,
558,557,556,
558,556,555,
562,561,560,
562,560,559,
566,565,564,
566,564,563,
570,569,568,
570,568,567,
574,573,572,
574,572,571,
578,577,576,
578,576,575,
582,581,580,
582,580,579,
586,585,584,
586,584,583,
590,589,588,
590,588,587,
594,593,592,
594,592,591,
598,597,596,
598,596,595,
602,601,600,
602,600,599,
606,605,604,
606,604,603,
610,609,608,
610,608,607,
614,613,612,
614,612,611,
618,617,616,
618,616,615,
622,621,620,
622,620,619,
626,625,624,
626,624,623,
630,629,628,
630,628,627,
638,637,636,
638,636,635,
642,641,640,
642,640,639,
646,645,644,
646,644,643,
650,649,648,
650,648,647,
654,653,652,
654,652,651,
658,657,656,
658,656,655,
662,661,660,
662,660,659,
666,665,664,
666,664,663,
670,669,668,
670,668,667,
678,677,676,
678,676,675,
682,681,680,
682,680,679,
686,685,684,
686,684,683,
690,689,688,
690,688,687,
694,693,692,
694,692,691,
698,697,696,
698,696,695,
702,701,700,
702,700,699,
706,705,704,
706,704,703,
710,709,708,
710,708,707,
714,713,712,
714,712,711,
718,717,716,
718,716,715,
725,724,723,
729,728,727,
729,727,726,
733,732,731,
733,731,730,
737,736,735,
737,735,734,
741,740,739,
741,739,738,
745,744,743,
745,743,742,
749,748,747,
749,747,746,
753,752,751,
753,751,750,
757,756,755,
757,755,754,
761,760,759,
761,759,758,
765,764,763,
765,763,762,
768,767,766,
771,770,769,
775,774,773,
775,773,772,
779,778,777,
779,777,776,
783,782,781,
783,781,780,
787,786,785,
787,785,784,
791,790,789,
791,789,788,
795,794,793,
795,793,792,
799,798,797,
799,797,796,
802,801,800,
806,805,804,
806,804,803,
810,809,808,
810,808,807,
814,813,812,
814,812,811,
818,817,816,
818,816,815,
822,821,820,
822,820,819,
826,825,824,
826,824,823,
830,829,828,
830,828,827,
834,833,832,
834,832,831,
838,837,836,
838,836,835,
842,841,840,
842,840,839,
846,845,844,
846,844,843,
850,849,848,
850,848,847,
854,853,852,
854,852,851,
858,857,856,
858,856,855,
861,860,859,
864,863,862,
867,866,865,
870,869,868,
873,872,871,
877,876,875,
877,875,874,
881,880,879,
881,879,878,
885,884,883,
885,883,882,
889,888,887,
889,887,886,
893,892,891,
893,891,890,
897,896,895,
897,895,894,
901,900,899,
901,899,898,
905,904,903,
905,903,902,
908,907,906,
912,911,910,
912,910,909,
916,915,914,
916,914,913,
920,919,918,
920,918,917,
924,923,922,
924,922,921,
928,927,926,
928,926,925,
948,947,946,
948,946,945,
952,951,950,
952,950,949,
956,955,954,
956,954,953,
960,959,958,
960,958,957,
964,963,962,
964,962,961,
968,967,966,
968,966,965,
972,971,970,
972,970,969,
976,975,974,
976,974,973,
980,979,978,
980,978,977,
984,983,982,
984,982,981,
988,987,986,
988,986,985,
992,991,990,
992,990,989,
996,995,994,
996,994,993,
1000,999,998,
1000,998,997,
1004,1003,1002,
1004,1002,1001,
1008,1007,1006,
1008,1006,1005,
1012,1011,1010,
1012,1010,1009,
1016,1015,1014,
1016,1014,1013,
1020,1019,1018,
1020,1018,1017,
1024,1023,1022,
1024,1022,1021,
1028,1027,1026,
1028,1026,1025,
1032,1031,1030,
1032,1030,1029,
1036,1035,1034,
1036,1034,1033,
1040,1039,1038,
1040,1038,1037,
1044,1043,1042,
1044,1042,1041,
1048,1047,1046,
1048,1046,1045,
1052,1051,1050,
1052,1050,1049,
1056,1055,1054,
1056,1054,1053,
1060,1059,1058,
1060,1058,1057,
1064,1063,1062,
1064,1062,1061,
1068,1067,1066,
1068,1066,1065,
1072,1071,1070,
1072,1070,1069,
1076,1075,1074,
1076,1074,1073,
1080,1079,1078,
1080,1078,1077,
1084,1083,1082,
1084,1082,1081,
1088,1087,1086,
1088,1086,1085,
1092,1091,1090,
1092,1090,1089,
1096,1095,1094,
1096,1094,1093,
1112,1111,1110,
1112,1110,1109,
1116,1115,1114,
1116,1114,1113,
1120,1119,1118,
1120,1118,1117,
1124,1123,1122,
1124,1122,1121,
1128,1127,1126,
1128,1126,1125,
1132,1131,1130,
1132,1130,1129,
1136,1135,1134,
1136,1134,1133,
1140,1139,1138,
1140,1138,1137,
1144,1143,1142,
1144,1142,1141,
1195,1194,1193,
1195,1193,1192,
1199,1198,1197,
1199,1197,1196,
1203,1202,1201,
1203,1201,1200,
1206,1205,1204,
1210,1209,1208,
1210,1208,1207,
1214,1213,1212,
1214,1212,1211,
1218,1217,1216,
1218,1216,1215,
1222,1221,1220,
1222,1220,1219,
1226,1225,1224,
1226,1224,1223,
1230,1229,1228,
1230,1228,1227,
1234,1233,1232,
1234,1232,1231,
1238,1237,1236,
1238,1236,1235,
1242,1241,1240,
1242,1240,1239,
1246,1245,1244,
1246,1244,1243,
1250,1249,1248,
1250,1248,1247,
1253,1252,1251,
1257,1256,1255,
1257,1255,1254,
1261,1260,1259,
1261,1259,1258,
1265,1264,1263,
1265,1263,1262,
1269,1268,1267,
1269,1267,1266,
1273,1272,1271,
1273,1271,1270,
1277,1276,1275,
1277,1275,1274,
1281,1280,1279,
1281,1279,1278,
1285,1284,1283,
1285,1283,1282,
1289,1288,1287,
1289,1287,1286,
1293,1292,1291,
1293,1291,1290,
1297,1296,1295,
1297,1295,1294,
1301,1300,1299,
1301,1299,1298,
1309,1308,1307,
1309,1307,1306,
1313,1312,1311,
1313,1311,1310,
1317,1316,1315,
1317,1315,1314,
1320,1319,1318,
1324,1323,1322,
1324,1322,1321,
1328,1327,1326,
1328,1326,1325,
1332,1331,1330,
1332,1330,1329,
1336,1335,1334,
1336,1334,1333,
1339,1338,1337,
1342,1341,1340,
1346,1345,1344,
1346,1344,1343,
1350,1349,1348,
1350,1348,1347,
1353,1352,1351,
1357,1356,1355,
1357,1355,1354,
1361,1360,1359,
1361,1359,1358,
1365,1364,1363,
1365,1363,1362,
1369,1368,1367,
1369,1367,1366,
1373,1372,1371,
1373,1371,1370,
1377,1376,1375,
1377,1375,1374,
1385,1384,1383,
1385,1383,1382,
1389,1388,1387,
1389,1387,1386,
1393,1392,1391,
1393,1391,1390,
1397,1396,1395,
1397,1395,1394,
1401,1400,1399,
1401,1399,1398,
1405,1404,1403,
1405,1403,1402,
1409,1408,1407,
1409,1407,1406,
1413,1412,1411,
1413,1411,1410,
1417,1416,1415,
1417,1415,1414,
1421,1420,1419,
1421,1419,1418,
1424,1423,1422,
1428,1427,1426,
1428,1426,1425,
1432,1431,1430,
1432,1430,1429,
1436,1435,1434,
1436,1434,1433,
1440,1439,1438,
1440,1438,1437,
1444,1443,1442,
1444,1442,1441,
1448,1447,1446,
1448,1446,1445,
1452,1451,1450,
1452,1450,1449,
1456,1455,1454,
1456,1454,1453,
1464,1463,1462,
1464,1462,1461,
1468,1467,1466,
1468,1466,1465,
1472,1471,1470,
1472,1470,1469,
1476,1475,1474,
1476,1474,1473,
1479,1478,1477,
1483,1482,1481,
1483,1481,1480,
1487,1486,1485,
1487,1485,1484,
1491,1490,1489,
1491,1489,1488,
1495,1494,1493,
1495,1493,1492,
1499,1498,1497,
1499,1497,1496,
1503,1502,1501,
1503,1501,1500,
1507,1506,1505,
1507,1505,1504,
1511,1510,1509,
1511,1509,1508,
1515,1514,1513,
1515,1513,1512,
1519,1518,1517,
1519,1517,1516,
1523,1522,1521,
1523,1521,1520,
1527,1526,1525,
1527,1525,1524,
1531,1530,1529,
1531,1529,1528,
1535,1534,1533,
1535,1533,1532,
1543,1542,1541,
1543,1541,1540,
1547,1546,1545,
1547,1545,1544,
1551,1550,1549,
1551,1549,1548,
1555,1554,1553,
1555,1553,1552,
1559,1558,1557,
1559,1557,1556,
1563,1562,1561,
1563,1561,1560,
1566,1565,1564,
1570,1569,1568,
1570,1568,1567,
1574,1573,1572,
1574,1572,1571,
1577,1576,1575,
1580,1579,1578,
1584,1583,1582,
1584,1582,1581,
1587,1586,1585,
1591,1590,1589,
1591,1589,1588,
1595,1594,1593,
1595,1593,1592,
1599,1598,1597,
1599,1597,1596,
1603,1602,1601,
1603,1601,1600,
1607,1606,1605,
1607,1605,1604,
1611,1610,1609,
1611,1609,1608,
1619,1618,1617,
1619,1617,1616,
1623,1622,1621,
1623,1621,1620,
1627,1626,1625,
1627,1625,1624,
1631,1630,1629,
1631,1629,1628,
1635,1634,1633,
1635,1633,1632,
1639,1638,1637,
1639,1637,1636,
1643,1642,1641,
1643,1641,1640,
1647,1646,1645,
1647,1645,1644,
1651,1650,1649,
1651,1649,1648,
1655,1654,1653,
1655,1653,1652,
1659,1658,1657,
1659,1657,1656,
1663,1662,1661,
1663,1661,1660,
1666,1665,1664,
1670,1669,1668,
1670,1668,1667,
1674,1673,1672,
1674,1672,1671,
1678,1677,1676,
1678,1676,1675,
1682,1681,1680,
1682,1680,1679,
1686,1685,1684,
1686,1684,1683,
1690,1689,1688,
1690,1688,1687,
1694,1693,1692,
1694,1692,1691,
1698,1697,1696,
1698,1696,1695,
1701,1700,1699,
1704,1703,1702,
1707,1706,1705,
1711,1710,1709,
1711,1709,1708,
1715,1714,1713,
1715,1713,1712,
1719,1718,1717,
1719,1717,1716,
1723,1722,1721,
1723,1721,1720,
1727,1726,1725,
1727,1725,1724,
1731,1730,1729,
1731,1729,1728,
1735,1734,1733,
1735,1733,1732,
1739,1738,1737,
1739,1737,1736,
1743,1742,1741,
1743,1741,1740,
1747,1746,1745,
1747,1745,1744,
1751,1750,1749,
1751,1749,1748,
1755,1754,1753,
1755,1753,1752,
1759,1758,1757,
1759,1757,1756,
1763,1762,1761,
1763,1761,1760,
1767,1766,1765,
1767,1765,1764,
1771,1770,1769,
1771,1769,1768,
1775,1774,1773,
1775,1773,1772,
1787,1786,1785,
1787,1785,1784,
1791,1790,1789,
1791,1789,1788,
1795,1794,1793,
1795,1793,1792,
1799,1798,1797,
1799,1797,1796,
1803,1802,1801,
1803,1801,1800,
1807,1806,1805,
1807,1805,1804,
1811,1810,1809,
1811,1809,1808,
1815,1814,1813,
1815,1813,1812,
1819,1818,1817,
1819,1817,1816,
1823,1822,1821,
1823,1821,1820,
1827,1826,1825,
1827,1825,1824,
1831,1830,1829,
1831,1829,1828,
1835,1834,1833,
1835,1833,1832,
1839,1838,1837,
1839,1837,1836,
1843,1842,1841,
1843,1841,1840,
1847,1846,1845,
1847,1845,1844,
1855,1854,1853,
1855,1853,1852,
1859,1858,1857,
1859,1857,1856,
1863,1862,1861,
1863,1861,1860,
1867,1866,1865,
1867,1865,1864,
1871,1870,1869,
1871,1869,1868,
1879,1878,1877,
1879,1877,1876,
1882,1881,1880,
1886,1885,1884,
1886,1884,1883,
1890,1889,1888,
1890,1888,1887,
1894,1893,1892,
1894,1892,1891,
1898,1897,1896,
1898,1896,1895,
1902,1901,1900,
1902,1900,1899,
1906,1905,1904,
1906,1904,1903,
1910,1909,1908,
1910,1908,1907,
1914,1913,1912,
1914,1912,1911,
1918,1917,1916,
1918,1916,1915,
1922,1921,1920,
1922,1920,1919,
1926,1925,1924,
1926,1924,1923,
1929,1928,1927,
1932,1931,1930,
1939,1938,1937,
1939,1937,1936,
1943,1942,1941,
1943,1941,1940,
1947,1946,1945,
1947,1945,1944,
1951,1950,1949,
1951,1949,1948,
1955,1954,1953,
1955,1953,1952,
1958,1957,1956,
1961,1960,1959,
1965,1964,1963,
1965,1963,1962,
1969,1968,1967,
1969,1967,1966,
1973,1972,1971,
1973,1971,1970,
1976,1975,1974,
1980,1979,1978,
1980,1978,1977,
1984,1983,1982,
1984,1982,1981,
1988,1987,1986,
1988,1986,1985,
1992,1991,1990,
1992,1990,1989,
1996,1995,1994,
1996,1994,1993,
2000,1999,1998,
2000,1998,1997,
2004,2003,2002,
2004,2002,2001,
2008,2007,2006,
2008,2006,2005,
2012,2011,2010,
2012,2010,2009,
2016,2015,2014,
2016,2014,2013,
2020,2019,2018,
2020,2018,2017,
2024,2023,2022,
2024,2022,2021,
2027,2026,2025,
2031,2030,2029,
2031,2029,2028,
2035,2034,2033,
2035,2033,2032,
2039,2038,2037,
2039,2037,2036,
2043,2042,2041,
2043,2041,2040,
2047,2046,2045,
2047,2045,2044,
2051,2050,2049,
2051,2049,2048,
2055,2054,2053,
2055,2053,2052,
2058,2057,2056,
2062,2061,2060,
2062,2060,2059,
2066,2065,2064,
2066,2064,2063,
2069,2068,2067,
2072,2071,2070,
2076,2075,2074,
2076,2074,2073,
2080,2079,2078,
2080,2078,2077,
2084,2083,2082,
2084,2082,2081,
2088,2087,2086,
2088,2086,2085,
2092,2091,2090,
2092,2090,2089,
2096,2095,2094,
2096,2094,2093,
2100,2099,2098,
2100,2098,2097,
2104,2103,2102,
2104,2102,2101,
2108,2107,2106,
2108,2106,2105,
2112,2111,2110,
2112,2110,2109,
2115,2114,2113,
2118,2117,2116,
2122,2121,2120,
2122,2120,2119,
2126,2125,2124,
2126,2124,2123,
2130,2129,2128,
2130,2128,2127,
2134,2133,2132,
2134,2132,2131,
2137,2136,2135,
2141,2140,2139,
2141,2139,2138,
2145,2144,2143,
2145,2143,2142,
2149,2148,2147,
2149,2147,2146,
2153,2152,2151,
2153,2151,2150,
2157,2156,2155,
2157,2155,2154,
2161,2160,2159,
2161,2159,2158,
2164,2163,2162,
2168,2167,2166,
2168,2166,2165,
2172,2171,2170,
2172,2170,2169,
2176,2175,2174,
2176,2174,2173,
2180,2179,2178,
2180,2178,2177,
2184,2183,2182,
2184,2182,2181,
2187,2186,2185,
2191,2190,2189,
2191,2189,2188,
2195,2194,2193,
2195,2193,2192,
2199,2198,2197,
2199,2197,2196,
2203,2202,2201,
2203,2201,2200,
2207,2206,2205,
2207,2205,2204,
2211,2210,2209,
2211,2209,2208,
2215,2214,2213,
2215,2213,2212,
2219,2218,2217,
2219,2217,2216,
2223,2222,2221,
2223,2221,2220,
2227,2226,2225,
2227,2225,2224,
2230,2229,2228,
2233,2232,2231,
2237,2236,2235,
2237,2235,2234,
2240,2239,2238,
2244,2243,2242,
2244,2242,2241,
2248,2247,2246,
2248,2246,2245,
2252,2251,2250,
2252,2250,2249,
2256,2255,2254,
2256,2254,2253,
2260,2259,2258,
2260,2258,2257,
2264,2263,2262,
2264,2262,2261,
2268,2267,2266,
2268,2266,2265,
2272,2271,2270,
2272,2270,2269,
2276,2275,2274,
2276,2274,2273,
2280,2279,2278,
2280,2278,2277,
2284,2283,2282,
2284,2282,2281,
2288,2287,2286,
2288,2286,2285,
2292,2291,2290,
2292,2290,2289,
2296,2295,2294,
2296,2294,2293,
2300,2299,2298,
2300,2298,2297,
2304,2303,2302,
2304,2302,2301,
2308,2307,2306,
2308,2306,2305,
2312,2311,2310,
2312,2310,2309,
2316,2315,2314,
2316,2314,2313,
2320,2319,2318,
2320,2318,2317,
2324,2323,2322,
2324,2322,2321,
2328,2327,2326,
2328,2326,2325,
2332,2331,2330,
2332,2330,2329,
2336,2335,2334,
2336,2334,2333,
2340,2339,2338,
2340,2338,2337,
2344,2343,2342,
2344,2342,2341,
2348,2347,2346,
2348,2346,2345,
2352,2351,2350,
2352,2350,2349,
2356,2355,2354,
2356,2354,2353,
2359,2358,2357,
2362,2361,2360,
2366,2365,2364,
2366,2364,2363,
2369,2368,2367,
2373,2372,2371,
2373,2371,2370,
2377,2376,2375,
2377,2375,2374,
2381,2380,2379,
2381,2379,2378,
2392,2391,2390,
2399,2398,2397,
2495,2494,2493,
2495,2493,2492,
2570,2569,2568,
2570,2568,2567,
2574,2573,2572,
2574,2572,2571,
2578,2577,2576,
2578,2576,2575,
2585,2584,2583,
2585,2583,2582,
2589,2588,2587,
2589,2587,2586,
2593,2592,2591,
2593,2591,2590,
2597,2596,2595,
2597,2595,2594,
2601,2600,2599,
2601,2599,2598,
2729,2728,2727,
2729,2727,2726,
2939,2938,2937,
2939,2937,2936,
2943,2942,2941,
2943,2941,2940,
2947,2946,2945,
2947,2945,2944,
2951,2950,2949,
2951,2949,2948,
2955,2954,2953,
2955,2953,2952,
2959,2958,2957,
2959,2957,2956,
3071,3070,3069,
3071,3069,3068,
3078,3077,3076,
3078,3076,3075,
3082,3081,3080,
3082,3080,3079,
3096,3095,3094,
3104,3103,3102,
3104,3102,3101,
3108,3107,3106,
3108,3106,3105,
3112,3111,3110,
3112,3110,3109,
3116,3115,3114,
3116,3114,3113,
3124,3123,3122,
3124,3122,3121,
3128,3127,3126,
3128,3126,3125,
3132,3131,3130,
3132,3130,3129,
3136,3135,3134,
3136,3134,3133,
3151,3150,3149,
3154,3153,3152,
3158,3157,3156,
3158,3156,3155,
3162,3161,3160,
3162,3160,3159,
3166,3165,3164,
3166,3164,3163,
3169,3168,3167,
3172,3171,3170,
3175,3174,3173,
3179,3178,3177,
3179,3177,3176,
3183,3182,3181,
3183,3181,3180,
3187,3186,3185,
3187,3185,3184,
3191,3190,3189,
3191,3189,3188,
3195,3194,3193,
3195,3193,3192,
3199,3198,3197,
3199,3197,3196,
3202,3201,3200,
3206,3205,3204,
3206,3204,3203,
3210,3209,3208,
3210,3208,3207,
3214,3213,3212,
3214,3212,3211,
3218,3217,3216,
3218,3216,3215,
3222,3221,3220,
3222,3220,3219,
3226,3225,3224,
3226,3224,3223,
3229,3228,3227,
3232,3231,3230,
3235,3234,3233,
3239,3238,3237,
3239,3237,3236,
3243,3242,3241,
3243,3241,3240,
3247,3246,3245,
3247,3245,3244,
3251,3250,3249,
3251,3249,3248,
3255,3254,3253,
3255,3253,3252,
3259,3258,3257,
3259,3257,3256,
3263,3262,3261,
3263,3261,3260,
3274,3273,3272,
3278,3277,3276,
3278,3276,3275,
3282,3281,3280,
3282,3280,3279,
3286,3285,3284,
3286,3284,3283,
3290,3289,3288,
3290,3288,3287,
3294,3293,3292,
3294,3292,3291,
3306,3305,3304,
3306,3304,3303,
3310,3309,3308,
3310,3308,3307,
3314,3313,3312,
3314,3312,3311,
3318,3317,3316,
3318,3316,3315,
3322,3321,3320,
3322,3320,3319,
3326,3325,3324,
3326,3324,3323,
3330,3329,3328,
3330,3328,3327,
3334,3333,3332,
3334,3332,3331,
3345,3344,3343,
3349,3348,3347,
3349,3347,3346,
3353,3352,3351,
3353,3351,3350,
3357,3356,3355,
3357,3355,3354,
3361,3360,3359,
3361,3359,3358,
3365,3364,3363,
3365,3363,3362,
3369,3368,3367,
3369,3367,3366,
3373,3372,3371,
3373,3371,3370,
3384,3383,3382,
3388,3387,3386,
3388,3386,3385,
3392,3391,3390,
3392,3390,3389,
3395,3394,3393,
3399,3398,3397,
3399,3397,3396,
3402,3401,3400,
3405,3404,3403,
3409,3408,3407,
3409,3407,3406,
3413,3412,3411,
3413,3411,3410,
3417,3416,3415,
3417,3415,3414,
3421,3420,3419,
3421,3419,3418,
3425,3424,3423,
3425,3423,3422,
3429,3428,3427,
3429,3427,3426,
3433,3432,3431,
3433,3431,3430,
3437,3436,3435,
3437,3435,3434,
3441,3440,3439,
3441,3439,3438,
3445,3444,3443,
3445,3443,3442,
3449,3448,3447,
3449,3447,3446,
3453,3452,3451,
3453,3451,3450,
3457,3456,3455,
3457,3455,3454,
3461,3460,3459,
3461,3459,3458,
3465,3464,3463,
3465,3463,3462,
3469,3468,3467,
3469,3467,3466,
3473,3472,3471,
3473,3471,3470,
3477,3476,3475,
3477,3475,3474,
3481,3480,3479,
3481,3479,3478,
3485,3484,3483,
3485,3483,3482,
3489,3488,3487,
3489,3487,3486,
3493,3492,3491,
3493,3491,3490,
3497,3496,3495,
3497,3495,3494,
3500,3499,3498,
3504,3503,3502,
3504,3502,3501,
3507,3506,3505,
3511,3510,3509,
3511,3509,3508,
3514,3513,3512,
3517,3516,3515,
3520,3519,3518,
3524,3523,3522,
3524,3522,3521,
3528,3527,3526,
3528,3526,3525,
3531,3530,3529,
3535,3534,3533,
3535,3533,3532,
3669,3668,3667,
3672,3671,3670,
3676,3675,3674,
3676,3674,3673,
3680,3679,3678,
3680,3678,3677,
3683,3682,3681,
3773,3772,3771,
3777,3776,3775,
3777,3775,3774,
3780,3779,3778,
3796,3795,3794,
3796,3794,3793,
3802,3801,3800,
3806,3805,3804,
3806,3804,3803,
3810,3809,3808,
3810,3808,3807,
3813,3812,3811,
3962,3961,3960,
3977,3976,3975,
3984,3983,3982,
3996,3995,3994,
3996,3994,3993,
3999,3998,3997,
4007,4006,4005,
4007,4005,4004,
4019,4018,4017,
4019,4017,4016,
4026,4025,4024,
4034,4033,4032,
4034,4032,4031,
4041,4040,4039,
4161,4160,4159,
4164,4163,4162,
4167,4166,4165,
4171,4170,4169,
4171,4169,4168,
4175,4174,4173,
4175,4173,4172,
4179,4178,4177,
4179,4177,4176,
4182,4181,4180,
4186,4185,4184,
4186,4184,4183,
4189,4188,4187,
4192,4191,4190,
4196,4195,4194,
4196,4194,4193,
4200,4199,4198,
4200,4198,4197,
4204,4203,4202,
4204,4202,4201,
4208,4207,4206,
4208,4206,4205,
4212,4211,4210,
4212,4210,4209,
4216,4215,4214,
4216,4214,4213,
4220,4219,4218,
4220,4218,4217,
4223,4222,4221,
4227,4226,4225,
4227,4225,4224,
4231,4230,4229,
4231,4229,4228,
4235,4234,4233,
4235,4233,4232,
4239,4238,4237,
4239,4237,4236,
4243,4242,4241,
4243,4241,4240,
4247,4246,4245,
4247,4245,4244,
4250,4249,4248,
4253,4252,4251,
4257,4256,4255,
4257,4255,4254,
4563,4562,4561,
4576,4575,4574,
4579,4578,4577,
4582,4581,4580,
4585,4584,4583,
4588,4587,4586,
4591,4590,4589,
4594,4593,4592,
4598,4597,4596,
4598,4596,4595,
4914,4913,4912,
4921,4920,4919,
5026,5025,5024,
5033,5032,5031,
5057,5056,5055,
5057,5055,5054,
5061,5060,5059,
5061,5059,5058,
5068,5067,5066,
5072,5071,5070,
5072,5070,5069,
5083,5082,5081,
5259,5258,5257,
5259,5257,5256,
5263,5262,5261,
5263,5261,5260,
5267,5266,5265,
5267,5265,5264,
5271,5270,5269,
5271,5269,5268,
5282,5281,5280,
5286,5285,5284,
5286,5284,5283,
5289,5288,5287,
5292,5291,5290,
5367,5366,5365,
5378,5377,5376,
5389,5388,5387,
5400,5399,5398,
5403,5402,5401,
5457,5456,5455,
5461,5460,5459,
5461,5459,5458,
5464,5463,5462,
5472,5471,5470,
5472,5470,5469,
5478,5477,5476,
5481,5480,5479,
5487,5486,5485,
5505,5504,5503,
5508,5507,5506,
5591,5590,5589,
5591,5589,5588,
5611,5610,5609,
5611,5609,5608,
5623,5622,5621,
5623,5621,5620,
5627,5626,5625,
5627,5625,5624,
5639,5638,5637,
5639,5637,5636,
5643,5642,5641,
5643,5641,5640,
5654,5653,5652,
5654,5652,5651,
5658,5657,5656,
5658,5656,5655,
5662,5661,5660,
5662,5660,5659,
5670,5669,5668,
5670,5668,5667,
5680,5679,5678,
5680,5678,5677,
5680,5677,5676,
5680,5676,5675,
5688,5687,5686,
5688,5686,5685,
5706,5705,5704,
5706,5704,5703,
5713,5712,5711,
5717,5716,5715,
5717,5715,5714,
5721,5720,5719,
5721,5719,5718,
5725,5724,5723,
5725,5723,5722,
5729,5728,5727,
5729,5727,5726,
5733,5732,5731,
5733,5731,5730,
5765,5764,5763,
5765,5763,5762,
5769,5768,5767,
5769,5767,5766,
5773,5772,5771,
5773,5771,5770,
5776,5775,5774,
5779,5778,5777,
5782,5781,5780,
5785,5784,5783,
5788,5787,5786,
5791,5790,5789,
5794,5793,5792,
5797,5796,5795,
5800,5799,5798,
5803,5802,5801,
5806,5805,5804,
5809,5808,5807,
5812,5811,5810,
5815,5814,5813,
5818,5817,5816,
5821,5820,5819,
5824,5823,5822,
5827,5826,5825,
5830,5829,5828,
5833,5832,5831,
356,355,354,
356,354,353,
634,633,632,
634,632,631,
674,673,672,
674,672,671,
722,721,720,
722,720,719,
932,931,930,
932,930,929,
936,935,934,
936,934,933,
940,939,938,
940,938,937,
944,943,942,
944,942,941,
1100,1099,1098,
1100,1098,1097,
1104,1103,1102,
1104,1102,1101,
1108,1107,1106,
1108,1106,1105,
1147,1146,1145,
1151,1150,1149,
1151,1149,1148,
1155,1154,1153,
1155,1153,1152,
1159,1158,1157,
1159,1157,1156,
1163,1162,1161,
1163,1161,1160,
1167,1166,1165,
1167,1165,1164,
1171,1170,1169,
1171,1169,1168,
1175,1174,1173,
1175,1173,1172,
1179,1178,1177,
1179,1177,1176,
1183,1182,1181,
1183,1181,1180,
1187,1186,1185,
1187,1185,1184,
1191,1190,1189,
1191,1189,1188,
1381,1380,1379,
1381,1379,1378,
1460,1459,1458,
1460,1458,1457,
1539,1538,1537,
1539,1537,1536,
1615,1614,1613,
1615,1613,1612,
1779,1778,1777,
1779,1777,1776,
1783,1782,1781,
1783,1781,1780,
1851,1850,1849,
1851,1849,1848,
1875,1874,1873,
1875,1873,1872,
1935,1934,1933,
2385,2384,2383,
2385,2383,2382,
2389,2388,2387,
2389,2387,2386,
2884,2883,2882,
2888,2887,2886,
2888,2886,2885,
2892,2891,2890,
2892,2890,2889,
2896,2895,2894,
2896,2894,2893,
2900,2899,2898,
2900,2898,2897,
2904,2903,2902,
2904,2902,2901,
2908,2907,2906,
2908,2906,2905,
2912,2911,2910,
2912,2910,2909,
2916,2915,2914,
2916,2914,2913,
2920,2919,2918,
2920,2918,2917,
2924,2923,2922,
2924,2922,2921,
2928,2927,2926,
2928,2926,2925,
2931,2930,2929,
3144,3143,3142,
3144,3142,3141,
3148,3147,3146,
3148,3146,3145,
3267,3266,3265,
3267,3265,3264,
3271,3270,3269,
3271,3269,3268,
3298,3297,3296,
3298,3296,3295,
3302,3301,3300,
3302,3300,3299,
3338,3337,3336,
3338,3336,3335,
3342,3341,3340,
3342,3340,3339,
3377,3376,3375,
3377,3375,3374,
3381,3380,3379,
3381,3379,3378,
5650,5649,5648,
5702,5701,5700,
5702,5700,5699,
5710,5709,5708,
5710,5708,5707,
5738,5737,5736,
5738,5736,5735,
5738,5735,5734,
5742,5741,5740,
5742,5740,5739,
5747,5746,5745,
5747,5745,5744,
5747,5744,5743,
5752,5751,5750,
5752,5750,5749,
5752,5749,5748,
5756,5755,5754,
5756,5754,5753,
5761,5760,5759,
5761,5759,5758,
5761,5758,5757,
