頂点バッファ配列の中身
出力元：MeshData.cpp
頂点0, -64.342850, 2.985850, -236.410294 
頂点1, -78.994804, -6.113760, -278.649414 
頂点2, -65.151070, -8.408759, -211.875839 
頂点3, 142.270660, 0.000000, -197.671616 
頂点4, 162.358658, -6.113760, -280.687653 
頂点5, 141.659073, 1.116420, -228.966782 
頂点6, -67.573830, 9.122729, -205.484726 
頂点7, -94.184792, 0.000000, -108.892860 
頂点8, -94.184792, 21.499998, -108.892860 
頂点9, -189.932251, 21.499998, -82.459816 
頂点10, -189.932251, 0.000000, -82.459816 
頂点11, -202.473053, 0.000000, -49.128105 
頂点12, -202.473053, 21.499998, -49.128105 
頂点13, -232.425659, 0.000000, 86.560280 
頂点14, -232.425659, 21.499998, 86.560280 
頂点15, -216.730942, 0.000000, 101.268295 
頂点16, -216.730942, 21.499998, 101.268295 
頂点17, -224.185547, 21.499998, 125.552216 
頂点18, -224.185547, 0.000000, 125.552216 
頂点19, -120.318924, 0.000000, 217.526520 
頂点20, -120.318924, 21.499998, 217.526520 
頂点21, -90.738945, 21.499998, 218.255890 
頂点22, -90.738945, 0.000000, 218.255890 
頂点23, -43.198425, 0.000000, 181.210403 
頂点24, -43.198425, 21.499998, 181.210403 
頂点25, -4.373889, 21.499998, 207.003693 
頂点26, -4.373889, 0.000000, 207.003693 
頂点27, 43.022606, 0.000000, 205.809738 
頂点28, 43.022606, 21.499998, 205.809738 
頂点29, 51.838356, 21.499998, 186.570557 
頂点30, 51.838356, 0.000000, 186.570557 
頂点31, 76.161316, 0.000000, 184.744339 
頂点32, 76.161316, 21.499998, 184.744339 
頂点33, 89.313812, 12.610549, 225.782639 
頂点34, 92.668106, -4.423450, 212.165115 
頂点35, 98.807739, 5.327839, 256.271576 
頂点36, 106.948906, -3.233410, 286.333344 
頂点37, 106.948906, -3.233410, 286.333344 
頂点38, 108.905754, -6.752860, 320.623810 
頂点39, 249.022812, -6.752860, 244.632507 
頂点40, 221.633881, -2.293570, 214.006775 
頂点41, 89.313812, 12.610549, 225.782639 
頂点42, 98.807739, 5.327839, 256.271576 
頂点43, 200.038223, 5.327839, 194.838028 
頂点44, 178.358658, 15.444029, 165.678192 
頂点45, 221.633881, -2.293570, 214.006775 
頂点46, 193.911697, -7.362860, 182.356934 
頂点47, 200.038223, 5.327839, 194.838028 
頂点48, 183.483047, -5.205249, 162.876328 
頂点49, 178.358658, 15.444029, 165.678192 
頂点50, 157.674179, 21.499998, 137.089859 
頂点51, 157.674179, 0.000000, 137.089859 
頂点52, 165.299500, 0.000000, 122.149651 
頂点53, 165.299500, 21.499998, 122.149651 
頂点54, 176.463455, 21.499998, 79.731392 
頂点55, 176.463455, 0.000000, 79.731392 
頂点56, 206.099777, 0.000000, 42.890198 
頂点57, 206.099777, 21.499998, 42.890198 
頂点58, 185.335648, 0.000000, -141.507065 
頂点59, 185.335648, 21.499998, -141.507065 
頂点60, 158.073593, 0.000000, -141.904449 
頂点61, 158.073593, 21.499998, -141.904449 
頂点62, 140.298141, 9.122729, -196.915649 
頂点63, -120.318924, 21.499998, 217.526520 
頂点64, -90.738945, 21.499998, 218.255890 
頂点65, -43.198425, 21.499998, 181.210403 
頂点66, -4.373889, 21.499998, 207.003693 
頂点67, 43.022606, 21.499998, 205.809738 
頂点68, 162.358658, -6.113760, -280.687653 
頂点69, -78.994804, -6.113760, -278.649414 
頂点70, -64.342850, 2.985850, -236.410294 
頂点71, 141.659073, 1.116420, -228.966782 
頂点72, 140.298141, 9.122729, -196.915649 
頂点73, -67.573830, 9.122729, -205.484726 
頂点74, 158.073593, 21.499998, -141.904449 
頂点75, 140.298141, 9.122729, -196.915649 
頂点76, -67.573830, 9.122729, -205.484726 
頂点77, -94.184792, 21.499998, -108.892860 
頂点78, -224.185547, 21.499998, 125.552216 
頂点79, 51.838356, 21.499998, 186.570557 
頂点80, 157.674179, 21.499998, 137.089859 
頂点81, 76.161316, 21.499998, 184.744339 
頂点82, 136.150314, 25.999998, 122.631599 
頂点83, 118.950752, 36.885757, 108.621620 
頂点84, 116.449486, 33.793446, 108.168579 
頂点85, 115.054276, 30.366909, 107.868744 
頂点86, 113.490845, 28.499998, 107.410484 
頂点87, 121.317055, 33.793446, 98.631554 
頂点88, 122.957909, 36.885757, 100.770409 
頂点89, 142.814926, 25.999998, 109.573692 
頂点90, 120.352562, 30.366909, 97.487801 
頂点91, 119.144035, 28.499998, 96.334175 
頂点92, -115.158501, 29.999998, -16.168447 
頂点93, -131.296158, 29.999998, 56.937088 
頂点94, -122.840324, 29.999998, 64.861336 
頂点95, -56.815506, 29.999998, -48.368225 
頂点96, -108.401794, 29.999998, -34.126747 
頂点97, -73.230232, 28.499998, -74.954124 
頂点98, -144.214630, 28.499998, -55.357395 
頂点99, 79.095009, 29.999998, -66.154022 
頂点100, 113.786919, 28.499998, -99.427925 
頂点101, 133.998260, 28.499998, -99.133339 
頂点102, 93.783150, 29.999998, -65.939896 
頂点103, 104.970291, 29.999998, 33.408714 
頂点104, 149.392120, 28.499998, 37.573536 
頂点105, 127.420639, 28.499998, 64.886505 
頂点106, 89.003052, 29.999998, 53.257797 
頂点107, 82.988159, 29.999998, 76.111694 
頂点108, 119.144035, 28.499998, 96.334175 
頂点109, 113.490845, 28.499998, 107.410484 
頂点110, 78.879829, 29.999998, 84.161156 
頂点111, 34.962738, 29.999998, 109.836189 
頂点112, 53.059517, 28.499998, 142.740143 
頂点113, 35.027157, 28.499998, 144.094025 
頂点114, 21.858139, 29.999998, 110.820099 
頂点115, -29.345287, 29.999998, 107.932121 
頂点116, -35.430386, 28.499998, 140.120148 
頂点117, -169.609100, 28.499998, 98.856789 
頂点118, -126.856674, 29.999998, 77.944954 
頂点119, -164.082397, 28.499998, 80.853386 
頂点120, -175.718018, 28.499998, 69.949326 
頂点121, -153.512054, 28.499998, -30.646217 
頂点122, -167.660995, 25.999998, -69.256905 
頂点123, -178.621765, 25.999998, -40.124676 
頂点124, -83.976799, 25.999998, -92.359665 
頂点125, 136.499390, 25.999998, -121.212090 
頂点126, 160.326691, 25.999998, -120.864784 
頂点127, 178.474731, 25.999998, 40.300198 
頂点128, 152.572311, 25.999998, 72.499733 
頂点129, 142.814926, 25.999998, 109.573692 
頂点130, 118.950752, 36.885757, 108.621620 
頂点131, 136.150314, 25.999998, 122.631599 
頂点132, 122.957909, 36.885757, 100.770409 
頂点133, 64.907295, 25.999998, 164.282074 
頂点134, 43.648808, 25.999998, 165.878189 
頂点135, -39.414238, 25.999998, 161.193344 
頂点136, -197.598709, 25.999998, 112.547562 
頂点137, -191.083282, 25.999998, 91.323212 
頂点138, -204.800629, 25.999998, 78.468269 
頂点139, -232.425659, 21.499998, 86.560280 
頂点140, -202.473053, 21.499998, -49.128105 
頂点141, -216.730942, 21.499998, 101.268295 
頂点142, 76.161316, 21.499998, 184.744339 
頂点143, 157.674179, 21.499998, 137.089859 
頂点144, 165.299500, 21.499998, 122.149651 
頂点145, 176.463455, 21.499998, 79.731392 
頂点146, 206.099777, 21.499998, 42.890198 
頂点147, 185.335648, 21.499998, -141.507065 
頂点148, -189.932251, 21.499998, -82.459816 
頂点149, -147.125076, 44.999996, 69.556480 
頂点150, -142.123856, 29.999998, 69.257889 
頂点151, -142.123856, 44.999996, 69.257889 
頂点152, -144.090271, 44.999996, 53.680847 
頂点153, -147.436752, 29.999998, 49.527306 
頂点154, -146.202194, 44.999996, 58.262367 
頂点155, -109.696083, 44.999996, 85.835884 
頂点156, -107.604385, 50.334488, 86.203659 
頂点157, -114.838600, 37.566406, 96.954872 
頂点158, -144.090271, 44.999996, 53.680847 
頂点159, -140.670242, 62.063286, 57.731907 
頂点160, -143.366318, 44.999996, 49.626778 
頂点161, -134.314072, 44.999996, 38.695946 
頂点162, -125.801216, 53.774155, 41.055656 
頂点163, -125.801216, 44.999996, 41.055645 
頂点164, -127.718979, 24.746048, -85.543236 
頂点165, -117.208084, 47.590927, -84.796730 
頂点166, -128.966568, 38.578136, -74.392723 
頂点167, -178.422943, 34.582726, -73.340080 
頂点168, -181.496628, 47.590927, -91.276306 
頂点169, -181.496628, 18.672588, -91.276306 
頂点170, -66.168221, 34.107635, -129.234711 
頂点171, -76.205696, 42.637917, -124.023750 
頂点172, -74.842079, 19.130407, -127.623314 
頂点173, -78.582619, 20.725798, -190.634277 
頂点174, -78.327934, 40.047935, -197.177567 
頂点175, -60.215668, 29.958319, -186.851913 
頂点176, -5.694300, 32.546837, 152.450562 
頂点177, -7.792520, 49.829998, 153.223419 
頂点178, 1.627890, 32.546837, 161.738098 
頂点179, -23.720938, 32.546837, 176.946686 
頂点180, -25.950808, 49.829998, 164.312851 
頂点181, -27.751537, 32.546837, 165.921158 
頂点182, 121.667732, 39.975685, 68.515450 
頂点183, 121.541435, 45.722656, 74.106010 
頂点184, 110.257271, 36.576317, 74.691391 
頂点185, 114.555489, 37.295887, 16.484737 
頂点186, 125.109245, 45.744896, 27.015537 
頂点187, 125.829330, 40.573856, 22.441917 
頂点188, -204.287979, 46.162678, -26.795229 
頂点189, -201.310684, 40.624878, -24.136429 
頂点190, -197.860580, 48.067657, -51.992046 
頂点191, -197.493332, 50.931225, 71.693245 
頂点192, -185.786301, 58.339825, 66.476616 
頂点193, -203.211563, 55.373325, 64.442894 
頂点194, -33.475185, 15.045579, -159.653564 
頂点195, -67.573830, 12.550909, -178.948746 
頂点196, 114.821846, 28.214289, 16.205618 
頂点197, 106.740326, 28.214289, 15.908209 
頂点198, 101.500305, 28.728558, 78.333755 
頂点199, 110.859009, 29.079348, 73.041679 
頂点200, -197.107483, 37.603508, 72.193016 
頂点201, -195.169647, 26.476217, 72.589439 
頂点202, -189.360977, 26.188768, 61.368496 
頂点203, -160.043900, 54.934715, 59.589657 
頂点204, -178.217255, 53.142178, 65.807816 
頂点205, -178.621384, 53.142178, 55.077988 
頂点206, -159.905167, 54.934715, 70.319481 
頂点207, -185.281525, 43.071526, 49.038136 
頂点208, -183.635117, 44.295525, 62.956177 
頂点209, -188.419296, 25.882738, 46.785515 
頂点210, -185.451965, 26.188768, 59.524445 
頂点211, -151.257492, 48.576477, 59.280426 
頂点212, -148.944901, 47.232376, 68.348732 
頂点213, -201.310669, 21.653828, -24.136429 
頂点214, -201.310684, 40.624878, -24.136429 
頂点215, -195.206696, 37.658615, -23.680788 
頂点216, -183.886673, 24.302738, -22.958218 
頂点217, -184.835159, 34.258648, 41.897285 
頂点218, -192.419022, 53.522457, 43.400345 
頂点219, -192.419022, 26.499508, 43.400345 
頂点220, -174.903244, 24.302738, 40.253876 
頂点221, -197.107483, 37.603508, 72.193016 
頂点222, -196.305923, 44.017876, 75.951675 
頂点223, -194.405197, 37.165096, 82.047920 
頂点224, -189.489426, 30.021957, 90.276039 
頂点225, 236.940659, 62.919647, 78.274979 
頂点226, 244.357956, 62.919647, 63.373447 
頂点227, 227.628250, 62.919647, 69.093399 
頂点228, 228.030838, 62.919647, 79.281799 
頂点229, 255.504288, 62.919647, 57.869907 
頂点230, 257.638336, 62.919647, 32.870476 
頂点231, 221.920425, 62.919647, 60.152218 
頂点232, 250.114670, 62.919647, 24.710148 
頂点233, 221.725128, 62.919647, 42.869915 
頂点234, 226.455856, 62.919647, 28.215738 
頂点235, 235.083176, 62.919647, 22.464197 
頂点236, 243.094528, 62.919647, 15.354009 
頂点237, 166.062637, 59.426426, 22.827457 
頂点238, 155.713501, 58.857597, 34.072758 
頂点239, 183.375961, 60.378036, 35.164818 
頂点240, 177.773087, 60.070087, 26.119688 
頂点241, 152.477188, 58.679718, 45.080967 
頂点242, 186.096054, 60.527546, 41.171406 
頂点243, 148.785110, 58.476776, 53.400696 
頂点244, 181.419052, 60.270477, 53.971157 
頂点245, 148.715424, 58.472946, 59.384777 
頂点246, 176.090591, 59.977608, 65.514023 
頂点247, 150.388412, 58.564896, 63.938347 
頂点248, 155.568909, 58.849648, 67.668205 
頂点249, 246.966446, 84.999992, -27.337208 
頂点250, 228.778976, 84.999992, 5.573770 
頂点251, 239.705887, 84.999992, 1.421650 
頂点252, 246.513458, 84.999992, -1.140260 
頂点253, 210.503723, 84.999992, 3.562810 
頂点254, 194.003281, 84.999992, -3.952340 
頂点255, 168.092896, 84.999992, -22.705338 
頂点256, 168.539047, 84.999992, -15.028509 
頂点257, 260.118866, 84.999992, -34.255215 
頂点258, 151.334946, 84.999992, -31.573338 
頂点259, 263.906189, 84.999992, -59.316444 
頂点260, 130.719147, 84.999992, -37.433167 
頂点261, 264.696930, 84.999992, -75.889740 
頂点262, 122.983826, 84.999992, -56.276287 
頂点263, 256.761749, 84.999992, -99.989365 
頂点264, 110.594170, 84.999992, -70.679970 
頂点265, 115.305626, 84.999992, -84.677162 
頂点266, 133.007950, 84.999992, -100.561951 
頂点267, 122.736870, 84.999992, -97.660736 
頂点268, 138.344269, 84.999992, -112.707123 
頂点269, 154.595154, 84.999992, -113.940002 
頂点270, 150.478195, 84.999992, -117.745743 
頂点271, 176.343277, 84.999992, -133.120758 
頂点272, 169.907486, 84.999992, -125.644066 
頂点273, 197.264435, 84.999992, -128.220642 
頂点274, 180.968063, 84.999992, -134.764267 
頂点275, 226.358841, 84.999992, -127.602722 
頂点276, 206.358185, 84.999992, -137.896774 
頂点277, 247.892776, 84.999992, -135.625793 
頂点278, 247.332245, 84.999992, -119.548920 
頂点279, 252.478653, 84.999992, -124.439865 
頂点280, -87.389984, 49.486195, -97.300514 
頂点281, -131.300110, 52.369507, -201.461243 
頂点282, -155.040756, 52.369507, -190.559433 
頂点283, -117.208084, 47.590927, -84.796730 
頂点284, -186.726059, 52.369507, -170.171326 
頂点285, -181.496628, 47.590927, -91.276306 
頂点286, -198.900925, 47.675438, -152.544037 
頂点287, -195.142990, 47.675438, -102.268036 
頂点288, -204.797928, 45.919617, -129.726776 
頂点289, -237.631058, 61.257748, 22.187508 
頂点290, -247.479919, 61.257748, 20.494059 
頂点291, -251.730057, 61.257748, 24.053549 
頂点292, -237.519165, 61.257816, 33.018215 
頂点293, -252.585510, 61.257786, 27.471848 
頂点294, -246.028259, 61.257866, 37.426865 
頂点295, -239.279114, 61.257748, 17.425499 
頂点296, -245.924606, 61.257748, 17.107718 
頂点297, -266.969269, 72.145599, 54.117855 
頂点298, -273.128448, 72.145599, 58.780247 
頂点299, -266.969269, 72.145599, 70.704926 
頂点300, -264.170197, 72.145599, 57.963966 
頂点301, -277.543488, 72.145599, 66.869164 
頂点302, -269.360870, 72.145660, 76.161461 
頂点303, -275.319519, 72.145653, 72.445206 
頂点304, -273.189392, 72.145729, 77.028709 
頂点305, -272.464783, 83.841583, 108.901550 
頂点306, -274.640869, 83.841583, 103.775070 
頂点307, -282.807404, 83.841583, 108.762054 
頂点308, -282.208740, 83.841583, 114.245651 
頂点309, -269.146423, 83.841583, 114.245651 
頂点310, -282.007660, 83.841660, 120.503159 
頂点311, -271.829590, 83.841629, 118.093636 
頂点312, -276.403229, 83.841705, 123.990540 
頂点313, -197.419907, 106.531670, 109.784035 
頂点314, -223.707977, 106.531670, 118.838959 
頂点315, -153.172287, 106.531670, 131.585312 
頂点316, -172.085709, 106.531670, 111.150139 
頂点317, -117.053902, 106.531670, 172.975998 
頂点318, -106.776146, 106.531670, 143.761551 
頂点319, -135.425400, 106.531670, 199.307663 
頂点320, -168.519089, 106.531670, 219.974060 
頂点321, -248.179092, 106.531670, 129.494064 
頂点322, -214.888260, 106.531670, 215.778519 
頂点323, -263.487457, 106.531670, 157.125198 
頂点324, -243.827209, 106.531670, 196.877258 
頂点325, -8.635109, 49.830055, 139.889145 
頂点326, -13.886539, 49.829998, 135.404053 
頂点327, -38.370346, 49.829998, 153.273270 
頂点328, -35.032078, 49.829998, 159.484299 
頂点329, -7.502039, 49.829998, 142.961090 
頂点330, -25.950808, 49.829998, 164.312851 
頂点331, -5.701829, 49.829998, 150.555649 
頂点332, -7.792520, 49.829998, 153.223419 
頂点333, -21.993929, 49.829998, 135.940720 
頂点334, -33.896557, 49.829998, 143.552856 
頂点335, -178.217255, 60.541386, 65.807816 
頂点336, -178.621384, 60.541386, 55.077995 
頂点337, -192.419022, 53.522457, 43.400345 
頂点338, -178.217255, 60.541386, 65.807816 
頂点339, -159.905167, 61.674667, 70.319496 
頂点340, -178.621384, 60.541386, 55.077995 
頂点341, -160.043900, 61.674667, 59.589664 
頂点342, -159.905167, 61.674667, 70.319496 
頂点343, -160.043900, 61.674667, 59.589664 
頂点344, -142.123856, 61.974796, 69.257904 
頂点345, -140.670242, 62.063286, 57.731907 
頂点346, -95.680161, 59.383476, 76.158119 
頂点347, -97.161125, 59.383476, 62.512966 
頂点348, -197.860580, 21.653828, -51.992046 
頂点349, -197.860580, 48.067657, -51.992046 
頂点350, -207.372269, 42.359997, -59.465515 
頂点351, -207.372269, 48.067657, -59.465508 
頂点352, -207.372269, 0.000490, -59.465515 
頂点353, -214.845718, 0.000490, -34.359344 
頂点354, -214.845718, 41.841137, -34.359344 
頂点355, -214.845718, 48.067657, -34.359344 
頂点356, -224.807434, 0.000490, 25.891628 
頂点357, -231.259888, 0.000490, 52.810905 
頂点358, -231.259888, 40.039776, 52.810905 
頂点359, -224.807434, 40.596066, 25.891628 
頂点360, -231.259888, 52.306286, 52.810905 
頂点361, -224.807434, 52.306286, 25.891628 
頂点362, -217.416840, 0.000490, -6.691609 
頂点363, -217.416840, 41.269417, -6.691609 
頂点364, -217.416840, 48.142586, -6.691609 
頂点365, -232.303650, 0.000490, 74.397789 
頂点366, -232.303665, 39.593678, 74.397789 
頂点367, -232.303650, 52.306286, 74.397789 
頂点368, -185.786301, 58.339825, 66.476616 
頂点369, -197.493332, 50.931225, 71.693245 
頂点370, -230.703079, 20.382269, 80.704369 
頂点371, -206.861023, 23.127708, 94.085640 
頂点372, -211.611496, 39.192818, 88.138596 
頂点373, -227.037735, 40.831028, 82.889259 
頂点374, -217.726898, 50.931225, 80.981224 
頂点375, -222.397675, 52.306286, 84.373566 
頂点376, -187.910110, 25.997059, 105.323982 
頂点377, -180.815872, 26.515778, 97.242340 
頂点378, -196.967819, 27.669558, 98.703285 
頂点379, -133.350571, 35.795776, 98.285629 
頂点380, -131.376938, 28.022099, 110.858345 
頂点381, -115.809601, 28.022099, 109.531380 
頂点382, -114.838600, 37.566406, 96.954872 
頂点383, -139.682114, 43.366455, 90.399399 
頂点384, -97.161125, 29.999998, 62.512966 
頂点385, -107.761551, 29.999998, 56.139545 
頂点386, -107.761551, 44.999996, 56.139545 
頂点387, -97.161125, 44.999996, 62.512966 
頂点388, -102.711075, 59.173435, 51.356457 
頂点389, -97.161125, 59.383476, 62.512966 
頂点390, -95.680161, 29.999998, 76.158112 
頂点391, -95.680153, 44.999996, 76.158112 
頂点392, -95.680161, 59.383476, 76.158119 
頂点393, -142.453140, 44.999996, 89.543526 
頂点394, -137.738708, 29.999998, 89.543526 
頂点395, -137.200912, 29.999998, 95.854836 
頂点396, -142.453140, 44.999996, 89.543526 
頂点397, -137.200912, 29.999998, 95.854836 
頂点398, -133.350571, 35.795776, 98.285629 
頂点399, -139.682114, 43.366455, 90.399399 
頂点400, -142.453140, 52.219696, 80.411819 
頂点401, -109.696091, 29.999998, 85.835884 
頂点402, -98.731453, 29.999998, 84.739914 
頂点403, -98.731453, 44.999996, 84.739922 
頂点404, -97.761589, 54.134518, 81.427185 
頂点405, -142.123856, 61.974796, 69.257904 
頂点406, -142.123856, 61.974796, 69.257904 
頂点407, -112.939980, 29.999998, 49.026344 
頂点408, -112.939980, 44.999996, 49.026344 
頂点409, -117.580826, 50.861755, 31.197939 
頂点410, -117.580826, 29.999998, 31.197939 
頂点411, -117.580826, 44.999996, 31.197939 
頂点412, -125.801216, 29.999998, 41.055645 
頂点413, -243.827209, 0.000000, 196.877258 
頂点414, -214.888260, 0.000480, 215.778519 
頂点415, -214.888260, 12.327219, 215.778519 
頂点416, -243.827209, 12.717769, 196.877258 
頂点417, -214.888260, 106.531670, 215.778519 
頂点418, -243.827209, 106.531670, 196.877258 
頂点419, -168.519089, 0.000480, 219.974060 
頂点420, -168.519089, 12.240459, 219.974060 
頂点421, -168.519089, 106.531670, 219.974060 
頂点422, -135.425400, 0.000480, 199.307663 
頂点423, -135.425400, 12.667569, 199.307663 
頂点424, -135.425400, 106.531670, 199.307663 
頂点425, -117.053902, 0.000480, 172.975998 
頂点426, -117.053902, 13.211739, 172.975998 
頂点427, -117.053902, 106.531670, 172.975998 
頂点428, -106.776146, 0.000480, 143.761551 
頂点429, -106.776146, 13.815429, 143.761551 
頂点430, -106.776146, 106.531670, 143.761551 
頂点431, -153.172287, 0.000480, 131.585312 
頂点432, -153.172287, 14.067069, 131.585312 
頂点433, -153.172287, 106.531670, 131.585312 
頂点434, -172.085709, 0.000480, 111.150131 
頂点435, -172.085709, 14.489349, 111.150131 
頂点436, -172.085709, 106.531670, 111.150139 
頂点437, -197.419907, 0.000480, 109.784019 
頂点438, -197.419922, 14.517569, 109.784019 
頂点439, -197.419907, 106.531670, 109.784035 
頂点440, -223.707977, 0.000480, 118.838959 
頂点441, -223.707977, 14.330509, 118.838959 
頂点442, -223.707977, 106.531670, 118.838959 
頂点443, -248.179092, 0.000000, 129.494064 
頂点444, -248.179092, 14.110319, 129.494064 
頂点445, -248.179092, 106.531670, 129.494064 
頂点446, -263.487457, 0.000000, 157.125198 
頂点447, -263.487457, 13.539289, 157.125198 
頂点448, -263.487457, 106.531670, 157.125198 
頂点449, 122.261536, 28.498987, 65.236534 
頂点450, 130.731888, 28.230158, 60.824135 
頂点451, 131.601212, 40.044666, 60.824135 
頂点452, 138.637283, 51.740376, 60.874157 
頂点453, 135.126801, 28.576609, 31.185118 
頂点454, 135.996124, 40.507885, 31.185118 
頂点455, 143.032196, 51.740376, 31.235098 
頂点456, 125.829330, 28.214289, 22.441908 
頂点457, 106.740326, 28.214289, 15.908209 
頂点458, 101.500305, 28.728558, 78.333755 
頂点459, 110.257271, 36.576317, 74.691391 
頂点460, 114.555489, 37.295887, 16.484737 
頂点461, 185.954239, 46.403515, 35.164818 
頂点462, 185.954239, 20.829178, 35.164818 
頂点463, 180.342911, 20.829178, 26.119678 
頂点464, 180.342926, 46.590458, 26.119678 
頂点465, 177.773087, 60.070087, 26.119688 
頂点466, 183.375961, 60.378036, 35.164818 
頂点467, 168.614761, 20.829178, 22.827457 
頂点468, 168.614761, 46.658478, 22.827457 
頂点469, 166.062637, 59.426426, 22.827457 
頂点470, 158.250000, 20.829178, 34.072746 
頂点471, 158.250000, 46.426117, 34.072746 
頂点472, 155.713501, 58.857597, 34.072758 
頂点473, 155.008804, 20.829178, 45.080967 
頂点474, 155.008804, 46.198586, 45.080967 
頂点475, 152.477188, 58.679718, 45.080967 
頂点476, 151.311142, 20.829178, 53.400696 
頂点477, 151.311142, 46.026665, 53.400696 
頂点478, 148.785110, 58.476776, 53.400696 
頂点479, 151.241364, 20.829178, 59.384766 
頂点480, 151.241364, 45.903008, 59.384766 
頂点481, 148.715424, 58.472946, 59.384777 
頂点482, 152.916870, 20.829178, 63.938347 
頂点483, 152.916870, 45.808907, 63.938347 
頂点484, 150.388412, 58.564896, 63.938347 
頂点485, 158.105179, 20.829178, 67.668205 
頂点486, 158.105179, 45.731827, 67.668205 
頂点487, 155.568909, 58.849648, 67.668205 
頂点488, 178.657883, 20.829178, 65.514015 
頂点489, 178.657883, 45.776318, 65.514015 
頂点490, 176.090591, 59.977608, 65.514023 
頂点491, 183.994370, 20.829178, 53.971157 
頂点492, 183.994385, 46.014885, 53.971157 
頂点493, 181.419052, 60.270477, 53.971157 
頂点494, 188.678421, 20.829178, 41.171394 
頂点495, 188.678421, 46.279385, 41.171394 
頂点496, 186.096054, 60.527546, 41.171406 
頂点497, 236.940674, 15.168759, 78.274979 
頂点498, 236.940659, 0.000490, 78.274979 
頂点499, 244.357956, 0.000490, 63.373436 
頂点500, 244.357956, 15.476679, 63.373436 
頂点501, 244.357956, 62.919647, 63.373447 
頂点502, 236.940659, 62.919647, 78.274979 
頂点503, 255.504288, 0.000490, 57.869896 
頂点504, 255.504288, 15.590419, 57.869896 
頂点505, 255.504288, 62.919647, 57.869907 
頂点506, 257.638336, 0.000490, 32.870476 
頂点507, 257.638336, 16.107018, 32.870476 
頂点508, 257.638336, 62.919647, 32.870476 
頂点509, 250.114670, 0.000490, 24.710148 
頂点510, 250.114670, 16.275639, 24.710148 
頂点511, 250.114670, 62.919647, 24.710148 
頂点512, 243.094528, 0.000490, 15.353999 
頂点513, 243.094528, 16.469007, 15.353999 
頂点514, 243.094528, 62.919647, 15.354009 
頂点515, 243.094528, 0.000490, 15.353999 
頂点516, 235.083176, 0.000490, 22.464197 
頂点517, 235.083176, 16.322088, 22.464197 
頂点518, 243.094528, 16.469007, 15.353999 
頂点519, 226.455856, 0.000490, 28.215738 
頂点520, 226.455841, 16.203209, 28.215738 
頂点521, 226.455856, 0.000490, 28.215738 
頂点522, 221.725128, 0.000490, 42.869907 
頂点523, 221.725128, 15.900409, 42.869907 
頂点524, 226.455841, 16.203209, 28.215738 
頂点525, 221.725128, 62.919647, 42.869915 
頂点526, 226.455856, 62.919647, 28.215738 
頂点527, 221.920425, 0.000490, 60.152206 
頂点528, 221.920425, 15.543229, 60.152218 
頂点529, 221.920425, 62.919647, 60.152218 
頂点530, 227.628250, 0.000490, 69.093399 
頂点531, 227.628250, 15.358469, 69.093399 
頂点532, 227.628250, 62.919647, 69.093399 
頂点533, 228.030838, 0.000480, 79.281792 
頂点534, 228.030838, 15.147909, 79.281792 
頂点535, 228.030838, 62.919647, 79.281799 
頂点536, -269.867401, 19.871548, 105.218254 
頂点537, -269.867401, 0.000000, 105.218399 
頂点538, -273.652802, 0.000000, 96.300735 
頂点539, -273.652802, 20.055918, 96.300499 
頂点540, -274.640869, 83.841583, 103.775070 
頂点541, -272.464783, 83.841583, 108.901550 
頂点542, -287.858795, 0.000000, 104.975746 
頂点543, -287.858795, 19.876577, 104.975571 
頂点544, -282.807404, 83.841583, 108.762054 
頂点545, -286.817322, 0.000000, 114.514679 
頂点546, -286.817322, 19.679438, 114.514450 
頂点547, -282.208740, 83.841583, 114.245651 
頂点548, -286.467621, 0.000000, 125.399826 
頂点549, -286.467621, 19.454489, 125.399559 
頂点550, -282.007660, 83.841660, 120.503159 
頂点551, -276.718597, 0.000000, 131.466263 
頂点552, -276.718597, 19.329178, 131.466080 
頂点553, -276.403229, 83.841705, 123.990540 
頂点554, -268.762573, 0.000000, 121.208336 
頂点555, -268.762573, 19.541159, 121.208176 
頂点556, -271.829590, 83.841629, 118.093636 
頂点557, -264.095001, 0.000000, 114.514679 
頂点558, -264.095001, 19.679438, 114.514450 
頂点559, -269.146423, 83.841583, 114.245651 
頂点560, -277.215973, 0.000000, 75.365623 
頂点561, -274.180664, 0.000000, 81.896721 
頂点562, -274.180634, 18.322147, 81.896629 
頂点563, -277.215942, 18.457119, 75.365471 
頂点564, -273.189392, 72.145729, 77.028709 
頂点565, -275.319519, 72.145653, 72.445206 
頂点566, -268.725372, 0.000000, 80.661011 
頂点567, -268.725342, 18.347649, 80.660889 
頂点568, -269.360870, 72.145660, 76.161461 
頂点569, -265.317535, 0.000000, 72.885849 
頂点570, -265.317474, 18.508389, 72.885765 
頂点571, -266.969269, 72.145599, 70.704926 
頂点572, -261.329102, 0.000000, 54.730995 
頂点573, -261.329071, 18.883528, 54.730896 
頂点574, -264.170197, 72.145599, 57.963966 
頂点575, -261.329071, 18.883528, 54.730896 
頂点576, -261.329102, 0.000000, 54.730995 
頂点577, -265.317535, 0.000000, 49.250626 
頂点578, -265.317505, 18.996809, 49.250496 
頂点579, -266.969269, 72.145599, 54.117855 
頂点580, -265.317505, 18.996809, 49.250496 
頂点581, -265.317535, 0.000000, 49.250626 
頂点582, -274.093964, 0.000000, 55.894135 
頂点583, -274.093750, 18.859478, 55.894028 
頂点584, -273.128448, 72.145599, 58.780247 
頂点585, -280.384949, 0.000000, 67.420219 
頂点586, -280.384918, 18.621328, 67.420059 
頂点587, -277.543488, 72.145599, 66.869164 
頂点588, -236.743546, 20.032019, 13.103379 
頂点589, -236.743546, -0.000180, 13.103629 
頂点590, -246.307770, -0.000180, 12.646279 
頂点591, -246.307755, 20.041449, 12.646019 
頂点592, -245.924606, 61.257748, 17.107718 
頂点593, -239.279114, 61.257748, 17.425499 
頂点594, -248.546188, -0.000180, 17.519909 
頂点595, -248.546127, 19.940767, 17.519669 
頂点596, -247.479919, 61.257748, 20.494059 
頂点597, -254.663010, -0.000180, 22.642748 
頂点598, -254.662979, 19.834888, 22.642508 
頂点599, -251.730057, 61.257748, 24.053549 
頂点600, -255.894150, -0.000110, 27.562378 
頂点601, -255.894150, 19.733238, 27.562128 
頂点602, -252.585510, 61.257786, 27.471848 
頂点603, -246.456924, 0.000000, 41.889698 
頂点604, -246.456909, 19.437178, 41.889446 
頂点605, -255.894150, 19.733238, 27.562128 
頂点606, -246.456909, 19.437178, 41.889446 
頂点607, -246.456924, 0.000000, 41.889698 
頂点608, -234.210617, -0.000080, 35.544735 
頂点609, -234.210587, 19.568268, 35.544476 
頂点610, -234.210587, 19.568268, 35.544476 
頂点611, -237.519165, 61.257816, 33.018215 
頂点612, -246.028259, 61.257866, 37.426865 
頂点613, -234.371674, -0.000180, 19.957129 
頂点614, -234.371643, 19.890368, 19.956879 
頂点615, -234.371643, 19.890368, 19.956879 
頂点616, -237.631058, 61.257748, 22.187508 
頂点617, -236.743546, -0.000180, 13.103629 
頂点618, -236.743546, 20.032019, 13.103379 
頂点619, -6.717800, 20.153679, 136.253143 
頂点620, -11.592989, 20.153679, 130.830154 
頂点621, -11.593009, 32.546837, 131.979965 
頂点622, -6.717810, 32.546837, 136.253143 
頂点623, -13.886539, 49.829998, 135.404053 
頂点624, -8.635109, 49.830055, 139.889145 
頂点625, -22.945028, 20.153679, 131.456924 
頂点626, -22.945038, 32.546837, 131.456924 
頂点627, -21.993929, 49.829998, 135.940720 
頂点628, -37.403397, 20.153679, 140.703522 
頂点629, -37.403408, 32.546837, 140.703522 
頂点630, -33.896557, 49.829998, 143.552856 
頂点631, -42.837795, 20.153679, 152.511124 
頂点632, -42.837807, 32.546837, 152.511124 
頂点633, -38.370346, 49.829998, 153.273270 
頂点634, -38.782738, 20.153679, 160.055801 
頂点635, -38.782745, 32.546837, 160.055801 
頂点636, -35.032078, 49.829998, 159.484299 
頂点637, -27.751528, 20.153679, 165.921143 
頂点638, -5.694290, 20.153679, 152.450562 
頂点639, -3.154680, 20.153679, 149.209961 
頂点640, -3.154690, 32.546837, 149.209961 
頂点641, -5.701829, 49.829998, 150.555649 
頂点642, -5.341430, 20.153679, 139.984695 
頂点643, -5.341440, 32.546837, 139.984695 
頂点644, -7.502039, 49.829998, 142.961090 
頂点645, -23.720938, 32.546837, 176.946686 
頂点646, -18.309217, 20.153679, 186.853378 
頂点647, 7.709449, 20.153679, 171.317413 
頂点648, 1.627890, 32.546837, 161.738098 
頂点649, -195.142990, 0.000490, -102.268036 
頂点650, -181.496628, 0.000490, -91.276306 
頂点651, -195.142990, 18.899698, -102.268036 
頂点652, -195.142990, 47.675438, -102.268036 
頂点653, -96.303665, 20.660448, -104.743340 
頂点654, -87.389984, 49.486195, -97.300514 
頂点655, -87.933319, 19.952627, -121.162254 
頂点656, -78.582619, 0.000500, -190.634277 
頂点657, -96.297363, 0.000500, -206.869202 
頂点658, -96.297363, 21.061317, -206.869202 
頂点659, -96.297363, 49.486195, -206.869202 
頂点660, -131.300110, 0.000500, -201.461243 
頂点661, -131.300110, 20.949518, -201.461243 
頂点662, -131.300110, 52.369507, -201.461243 
頂点663, -155.040756, 0.000500, -190.559433 
頂点664, -155.040756, 20.724249, -190.559433 
頂点665, -155.040756, 52.369507, -190.559433 
頂点666, -186.726059, 0.000500, -170.171326 
頂点667, -186.726059, 20.302929, -170.171341 
頂点668, -186.726059, 52.369507, -170.171326 
頂点669, -198.900925, 0.000500, -152.544037 
頂点670, -198.900925, 19.938648, -152.544037 
頂点671, -198.900925, 47.675438, -152.544037 
頂点672, -204.797928, 0.000490, -129.726776 
頂点673, -204.797928, 19.467129, -129.726776 
頂点674, -204.797928, 45.919617, -129.726776 
頂点675, 246.963974, 17.350988, -27.326628 
頂点676, 246.963486, 0.000490, -27.324568 
頂点677, 260.115906, 0.000490, -34.242577 
頂点678, 260.116394, 17.493979, -34.244648 
頂点679, 260.118866, 84.999992, -34.255215 
頂点680, 246.966446, 84.999992, -27.337208 
頂点681, 263.903229, 0.000490, -59.303795 
頂点682, 263.903748, 18.011889, -59.305935 
頂点683, 263.906189, 84.999992, -59.316444 
頂点684, 264.693970, 0.000490, -75.877106 
頂点685, 264.694489, 18.354378, -75.879280 
頂点686, 264.696930, 84.999992, -75.889740 
頂点687, 256.758789, 0.000490, -99.976723 
頂点688, 256.759308, 18.852428, -99.978966 
頂点689, 256.761749, 84.999992, -99.989365 
頂点690, 247.329285, 0.000490, -119.536285 
頂点691, 247.329819, 19.256578, -119.538559 
頂点692, 247.332245, 84.999992, -119.548920 
頂点693, 252.475693, 0.000490, -124.427216 
頂点694, 252.476227, 19.357668, -124.429504 
頂点695, 252.478653, 84.999992, -124.439865 
頂点696, 247.889816, 0.000490, -135.613144 
頂点697, 247.890366, 19.588808, -135.615463 
頂点698, 247.892776, 84.999992, -135.625793 
頂点699, 226.355881, 0.000490, -127.590080 
頂点700, 226.356430, 19.423008, -127.592384 
頂点701, 226.358841, 84.999992, -127.602722 
頂点702, 206.355225, 0.000490, -137.884125 
頂点703, 206.355759, 19.635748, -137.886459 
頂点704, 206.358185, 84.999992, -137.896774 
頂点705, 197.261475, 0.000490, -128.207993 
頂点706, 197.262024, 19.435827, -128.210297 
頂点707, 197.264435, 84.999992, -128.220642 
頂点708, 180.965103, -0.172570, -134.751617 
頂点709, 180.965652, 19.571018, -134.753967 
頂点710, 180.968063, 84.999992, -134.764267 
頂点711, 176.340317, 0.000490, -133.108109 
頂点712, 176.340866, 19.537048, -133.110428 
頂点713, 176.343277, 84.999992, -133.120758 
頂点714, 169.904526, 0.000490, -125.631409 
頂点715, 169.905060, 19.382559, -125.633713 
頂点716, 169.907486, 84.999992, -125.644066 
頂点717, 154.592194, 0.000490, -113.927361 
頂点718, 154.592728, 19.140669, -113.929619 
頂点719, 154.595154, 84.999992, -113.940002 
頂点720, 150.475235, 0.000490, -117.733101 
頂点721, 150.475754, 19.219349, -117.735382 
頂点722, 150.478195, 84.999992, -117.745743 
頂点723, 138.341309, 0.000490, -112.694481 
頂点724, 138.341843, 19.115208, -112.696739 
頂点725, 138.344269, 84.999992, -112.707123 
頂点726, 133.004990, 0.000490, -100.549309 
頂点727, 133.005508, 18.864187, -100.551544 
頂点728, 133.007950, 84.999992, -100.561951 
頂点729, 122.733910, 0.000490, -97.648094 
頂点730, 122.734436, 18.804268, -97.650322 
頂点731, 122.736870, 84.999992, -97.660736 
頂点732, 115.302666, 0.000490, -84.664520 
頂点733, 115.303185, 18.535948, -84.666725 
頂点734, 115.305626, 84.999992, -84.677162 
頂点735, 110.591209, 0.000490, -70.667336 
頂点736, 110.591713, 18.246677, -70.669479 
頂点737, 110.594170, 84.999992, -70.679970 
頂点738, 122.980865, 0.000000, -56.263645 
頂点739, 122.981361, 17.949049, -56.265778 
頂点740, 122.983826, 84.999992, -56.276287 
頂点741, 130.716187, 0.000490, -37.420517 
頂点742, 130.716675, 17.559639, -37.422607 
頂点743, 130.719147, 84.999992, -37.433167 
頂点744, 151.331985, 0.000490, -31.560688 
頂点745, 151.332474, 17.438568, -31.562757 
頂点746, 151.334946, 84.999992, -31.573338 
頂点747, 168.089935, 0.000490, -22.692688 
頂点748, 168.090424, 17.255278, -22.694738 
頂点749, 168.092896, 84.999992, -22.705338 
頂点750, 168.536087, 0.000490, -15.015869 
頂点751, 168.536560, 17.096638, -15.017900 
頂点752, 168.539047, 84.999992, -15.028509 
頂点753, 194.000320, 0.000490, -3.939690 
頂点754, 194.000793, 16.867748, -3.941700 
頂点755, 194.003281, 84.999992, -3.952340 
頂点756, 210.500763, 0.000490, 3.575450 
頂点757, 210.501236, 16.712439, 3.573470 
頂点758, 210.503723, 84.999992, 3.562810 
頂点759, 228.776016, 0.000490, 5.586410 
頂点760, 228.776474, 16.670889, 5.584430 
頂点761, 228.778976, 84.999992, 5.573770 
頂点762, 239.702927, 0.000490, 1.434300 
頂点763, 239.703400, 16.756687, 1.432310 
頂点764, 239.705887, 84.999992, 1.421650 
頂点765, 246.510498, 0.000490, -1.127620 
頂点766, 246.510971, 16.809639, -1.129610 
頂点767, 246.513458, 84.999992, -1.140260 
頂点768, -195.169647, 26.476217, 72.589439 
頂点769, -187.910110, 25.997059, 105.323982 
頂点770, -196.967819, 27.669558, 98.703285 
頂点771, -115.809601, 28.022099, 109.531380 
頂点772, -131.376938, 28.022099, 110.858345 
頂点773, -147.436752, 29.999998, 49.527306 
頂点774, -140.986679, 28.214638, -55.341698 
頂点775, -178.422943, 34.582726, -73.340080 
頂点776, -177.376556, 24.369568, -53.733376 
頂点777, -140.986679, 28.214638, -55.341698 
頂点778, -128.966568, 38.578136, -74.392723 
頂点779, -50.096558, 18.497108, -133.419907 
頂点780, 7.709449, 20.153679, 171.317413 
頂点781, -18.309217, 20.153679, 186.853378 
頂点782, -197.859985, -0.759950, -51.989998 
頂点783, -195.206696, 37.658615, -23.680788 
頂点784, -200.890854, 40.624878, -4.255300 
頂点785, -193.969711, 35.940235, -4.670280 
頂点786, -196.675812, 40.624878, 21.252567 
頂点787, -189.873611, 35.977356, 20.841019 
頂点788, -184.835159, 34.258648, 41.897285 
頂点789, -183.886673, 24.302738, -22.958218 
頂点790, -183.441055, 24.302738, -5.203229 
頂点791, -179.189011, 24.302738, 20.293789 
頂点792, -174.903244, 24.302738, 40.253876 
頂点793, -207.372269, 48.067657, -59.465508 
頂点794, -214.845718, 48.067657, -34.359344 
頂点795, -206.541275, 47.288654, -5.088300 
頂点796, -217.416840, 48.142586, -6.691609 
頂点797, -208.648209, 48.851456, 23.226889 
頂点798, -224.807434, 52.306286, 25.891628 
頂点799, -208.777542, 53.185467, 47.363766 
頂点800, -231.259888, 52.306286, 52.810905 
頂点801, -232.303650, 52.306286, 74.397789 
頂点802, -222.397675, 52.306286, 84.373566 
頂点803, -217.726898, 50.931225, 80.981224 
頂点804, -211.611496, 39.192818, 88.138596 
頂点805, -50.096558, 18.497108, -133.419907 
頂点806, -33.475185, 15.045579, -159.653564 
頂点807, -60.215668, 29.958319, -186.851913 
頂点808, -66.168221, 34.107635, -129.234711 
頂点809, -125.801216, 53.774155, 41.055656 
頂点810, -134.314072, 44.999996, 38.695946 
頂点811, -143.366318, 44.999996, 49.626778 
頂点812, 125.109245, 45.744896, 27.015537 
頂点813, 121.541435, 45.722656, 74.106010 
頂点814, 138.637283, 51.740376, 60.874157 
頂点815, 143.032196, 51.740376, 31.235098 
頂点816, -67.573830, 0.000000, -178.948746 
頂点817, -76.205696, 42.637917, -124.023750 
頂点818, -78.327934, 40.047935, -197.177567 
頂点819, -96.297363, 49.486195, -206.869202 
頂点820, -229.597702, 0.000000, 79.315102 
頂点821, -159.905167, 54.934715, 70.319481 
頂点822, -151.257492, 48.576477, 59.280426 
頂点823, -148.944901, 47.232376, 68.348732 
頂点824, -188.419296, 25.882738, 46.785515 
頂点825, -192.419022, 53.522457, 43.400345 
頂点826, -189.360977, 26.188768, 61.368496 
頂点827, -185.786301, 58.339825, 66.476616 
頂点828, -140.670242, 62.063286, 57.731907 
頂点829, -180.739624, 0.000000, -84.378265 
頂点830, -180.583237, 6.651229, -84.575485 
頂点831, -177.376556, 24.369568, -53.733376 
頂点832, -107.604385, 50.334488, 86.203659 
頂点833, -97.761589, 54.134518, 81.427185 
頂点834, -142.453140, 52.219696, 80.411819 
頂点835, -147.793900, 33.372684, 33.491795 
頂点836, -154.349976, 28.660788, 34.275276 
頂点837, -151.528732, 33.341396, 38.322506 
頂点838, -146.527802, 38.537506, 44.310535 
頂点839, -151.528732, 33.341396, 38.322506 
頂点840, -154.349976, 28.660788, 34.275276 
頂点841, -140.467865, 38.665478, 35.780396 
頂点842, -139.250885, 38.815365, 34.286716 
頂点843, -149.300781, 28.660788, 26.638498 
頂点844, -145.152191, 33.445896, 29.665758 
頂点845, -139.250885, 38.815365, 34.286716 
頂点846, -146.527802, 38.537506, 44.310535 
頂点847, -149.300781, 28.660788, 26.638498 
頂点848, -145.152191, 33.445896, 29.665758 
頂点849, -102.711075, 59.173435, 51.356457 
頂点850, -117.580826, 50.861755, 31.197939 
頂点851, -123.359573, 34.309635, -43.289146 
頂点852, -132.895721, 22.550379, -61.402237 
頂点853, -125.873886, 21.017899, -43.621216 
頂点854, -99.233490, 22.817898, -84.839500 
頂点855, -106.025291, 24.472347, -88.736519 
頂点856, -93.894775, 33.995407, -78.217400 
頂点857, -31.679039, 46.803005, 124.306221 
頂点858, -27.520428, 59.453636, 121.781372 
頂点859, -36.154537, 44.260498, 127.858986 
頂点860, -124.968452, 44.021996, 5.792699 
頂点861, -114.228363, 57.551086, 8.889689 
頂点862, -115.510239, 50.650078, 4.463840 
頂点863, 34.741005, 73.664276, -48.683475 
頂点864, 59.237545, 56.473648, -57.209988 
頂点865, 40.013897, 65.014099, -75.604225 
頂点866, 30.621729, 73.664276, 61.303646 
頂点867, 39.733055, 69.359283, 89.080910 
頂点868, 64.299080, 62.339207, 92.473274 
頂点869, -93.894775, 33.995407, -78.217400 
頂点870, -85.119263, 43.306286, -67.737045 
頂点871, -85.222015, 34.289078, -72.838219 
頂点872, -27.178398, 47.631744, 122.450775 
頂点873, 94.000809, 47.629417, -16.635859 
頂点874, 84.789169, 55.176445, -9.948019 
頂点875, 82.187950, 47.130856, -9.948019 
頂点876, 61.604145, 49.694576, -62.495407 
頂点877, 68.339699, 50.384556, -60.166977 
頂点878, -78.318520, 52.701588, -51.949905 
頂点879, -78.318520, 45.117157, -60.189304 
頂点880, -119.373192, 34.756126, -33.216785 
頂点881, -115.234573, 42.777115, -33.373528 
頂点882, -111.718765, 44.510548, -24.473688 
頂点883, -108.313782, 52.701588, -24.473688 
頂点884, -115.234573, 42.777115, -33.373528 
頂点885, -106.025291, 24.472347, -88.736519 
頂点886, -132.895721, 22.550379, -61.402237 
頂点887, -123.359573, 34.309635, -43.289146 
頂点888, 2.766110, 69.348373, 110.904984 
頂点889, -12.049469, 70.713753, 102.203209 
頂点890, -27.520428, 59.453636, 121.781372 
頂点891, 7.014679, 61.475227, 129.640610 
頂点892, 54.095028, 73.664276, -6.455150 
頂点893, 53.721497, 73.664276, 28.692188 
頂点894, 87.046982, 62.339207, 18.300968 
頂点895, 84.789169, 55.176445, -9.948019 
頂点896, -1.310330, 73.664276, -65.745110 
頂点897, 12.342369, 68.879211, -92.855705 
頂点898, -26.318108, 67.447929, -74.390015 
頂点899, -37.468018, 73.664276, -58.399555 
頂点900, -47.973038, 73.664276, -44.484825 
頂点901, -79.525589, 73.664276, -21.650928 
頂点902, -78.655716, 71.513596, 7.195089 
頂点903, -92.426506, 56.687546, 75.353394 
頂点904, -74.400169, 69.109520, 77.308449 
頂点905, -122.637329, 21.180199, -2.296930 
頂点906, -151.655487, 28.413757, -13.636099 
頂点907, -134.664124, 32.914417, 1.673410 
頂点908, -120.634186, 39.573715, -1.753240 
頂点909, -134.664124, 32.914417, 1.673410 
頂点910, -151.655487, 28.413757, -13.636099 
頂点911, -133.421738, 28.744978, 98.900002 
頂点912, -120.066246, 37.094128, 87.858986 
頂点913, -51.379276, 26.045757, 148.543900 
頂点914, -41.001286, 35.395237, 134.361221 
頂点915, -41.001286, 35.395237, 134.361221 
頂点916, -51.379276, 26.045757, 148.543900 
頂点917, -32.378468, 20.753347, 132.068161 
頂点918, -32.461708, 39.627506, 128.020416 
頂点919, -108.017105, 41.483105, 84.406372 
頂点920, -36.154537, 44.260498, 127.858986 
頂点921, -124.968452, 44.021996, 5.792699 
頂点922, -115.510239, 50.650078, 4.463840 
頂点923, -85.269585, 20.867977, -75.199791 
頂点924, -85.222015, 34.289078, -72.838219 
頂点925, -78.318520, 20.753347, -74.117920 
頂点926, -78.318520, 36.673077, -73.423851 
頂点927, -32.307587, 39.636257, -99.116295 
頂点928, -32.878498, 20.753347, -101.151321 
頂点929, 12.939109, 20.753347, -103.213570 
頂点930, 12.864259, 41.331028, -102.810310 
頂点931, 46.801247, 40.627945, -88.763756 
頂点932, 48.284695, 20.753347, -91.639915 
頂点933, 66.794846, 39.430557, -75.248589 
頂点934, 68.479591, 20.753347, -77.850632 
頂点935, 90.019402, 35.881447, -67.209969 
頂点936, 101.485870, 28.295399, -74.084503 
頂点937, 118.193375, 28.295399, -36.276627 
頂点938, 101.485870, 28.295399, -74.084503 
頂点939, 90.019402, 35.881447, -67.209969 
頂点940, 108.869530, 35.447598, -27.430838 
頂点941, 76.649384, 20.753347, -9.948019 
頂点942, 118.193375, 28.295399, -36.276627 
頂点943, 108.869530, 35.447598, -27.430838 
頂点944, 78.651131, 36.191437, -9.948019 
頂点945, 86.682625, 20.753347, 17.512499 
頂点946, 86.745903, 35.616188, 17.649427 
頂点947, 65.108246, 20.753347, 92.187202 
頂点948, 64.993492, 34.586227, 92.227776 
頂点949, 10.859529, 20.753347, 127.898849 
頂点950, 10.312140, 34.481056, 128.146805 
頂点951, -25.195858, 21.324577, 127.982590 
頂点952, -27.110159, 38.078876, 123.723206 
頂点953, 7.014679, 61.475227, 129.640610 
頂点954, 8.215639, 51.643757, 129.096558 
頂点955, 64.299080, 62.339207, 92.473274 
頂点956, 64.543175, 52.583797, 92.386971 
頂点957, 87.046982, 62.339207, 18.300968 
頂点958, 86.910271, 50.205048, 18.005117 
頂点959, 94.000809, 47.629417, -16.635859 
頂点960, 66.794846, 39.430557, -75.248589 
頂点961, 42.165707, 55.904514, -79.776215 
頂点962, 46.801247, 40.627945, -88.763756 
頂点963, 12.484079, 59.646156, -96.742599 
頂点964, 12.864259, 41.331028, -102.810310 
頂点965, -27.951899, 58.121944, -82.323975 
頂点966, -32.307587, 39.636257, -99.116295 
頂点967, -78.318520, 36.673077, -73.423851 
頂点968, -116.268211, 33.566315, -24.473688 
頂点969, -113.251205, 20.753347, -23.361778 
頂点970, -121.765533, 20.872889, -33.126175 
頂点971, -111.718765, 44.510548, -24.473688 
頂点972, 30.621729, 73.664276, 61.303646 
頂点973, 24.022308, 89.876503, 59.372715 
頂点974, 39.733055, 69.359283, 89.080910 
頂点975, 2.766110, 69.348373, 110.904984 
頂点976, -11.505610, 82.202644, 100.209122 
頂点977, -12.049469, 70.713753, 102.203209 
頂点978, -74.400169, 69.109520, 77.308449 
頂点979, -70.552109, 82.087166, 55.569927 
頂点980, -92.426506, 56.687546, 75.353394 
頂点981, -114.228363, 57.551086, 8.889689 
頂点982, -73.684479, 86.842079, 20.010489 
頂点983, -78.655716, 71.513596, 7.195089 
頂点984, -42.978455, 96.986496, -22.004488 
頂点985, -47.973038, 73.664276, -44.484825 
頂点986, -79.525589, 73.664276, -21.650928 
頂点987, -69.876472, 95.113464, -2.538970 
頂点988, -56.858795, 86.704849, 70.156380 
頂点989, -56.858795, 86.704849, 70.156380 
頂点990, -74.400169, 69.109520, 77.308449 
頂点991, 47.388096, 96.524475, 36.410736 
頂点992, 53.721497, 73.664276, 28.692188 
頂点993, 44.032898, 98.267685, 10.415189 
頂点994, 54.095028, 73.664276, -6.455150 
頂点995, 30.984558, 107.707153, -39.470867 
頂点996, 34.741005, 73.664276, -48.683475 
頂点997, -3.199250, 107.791405, -50.185738 
頂点998, -1.310330, 73.664276, -65.745110 
頂点999, -37.468018, 73.664276, -58.399555 
頂点1000, -34.023087, 107.791405, -43.923786 
頂点1001, -114.228363, 57.551086, 8.889689 
頂点1002, -73.684479, 86.842079, 20.010489 
頂点1003, -11.505610, 82.202644, 100.209122 
頂点1004, 2.766110, 69.348373, 110.904984 
頂点1005, 39.733055, 69.359283, 89.080910 
頂点1006, 24.022308, 89.876503, 59.372715 
頂点1007, 21.002228, 107.468056, 38.549095 
頂点1008, 13.492209, 107.468056, 47.456528 
頂点1009, 47.388096, 96.524475, 36.410736 
頂点1010, 24.511478, 107.468056, 14.729209 
頂点1011, 44.032898, 98.267685, 10.415189 
頂点1012, 18.995409, 107.468056, -13.889569 
頂点1013, 30.984558, 107.707153, -39.470867 
頂点1014, -5.437129, 107.468056, -25.452478 
頂点1015, -3.199250, 107.791405, -50.185738 
頂点1016, -34.023087, 107.791405, -43.923786 
頂点1017, -29.941738, 107.468056, -20.474308 
頂点1018, -42.978455, 96.986496, -22.004488 
頂点1019, -34.262356, 107.468056, -6.934130 
頂点1020, -45.316315, 107.129539, -4.187409 
頂点1021, -69.876472, 95.113464, -2.538970 
頂点1022, -59.560127, 107.468056, 22.357368 
頂点1023, -53.106407, 107.129539, 34.378475 
頂点1024, -44.778866, 107.129539, 53.621048 
頂点1025, -12.715199, 107.468056, 65.873405 
頂点1026, -37.949207, 152.069305, 38.174175 
頂点1027, -33.390785, 149.920700, 24.100637 
頂点1028, -39.606426, 152.080338, 33.467346 
頂点1029, -30.481438, 150.663254, 22.813288 
頂点1030, -35.095245, 152.053162, 45.045444 
頂点1031, -28.855167, 152.028610, 47.158627 
頂点1032, -28.167809, 149.993378, 20.974308 
頂点1033, -24.463247, 152.016464, 48.224068 
頂点1034, -21.375309, 150.355545, 19.353807 
頂点1035, -18.328598, 152.002487, 46.390736 
頂点1036, -19.328487, 150.928299, 21.146948 
頂点1037, -14.127919, 146.258408, 43.564648 
頂点1038, -16.200888, 145.701416, 22.400578 
頂点1039, -9.151249, 139.945358, 38.935707 
頂点1040, -10.129429, 139.748550, 29.298069 
頂点1041, 8.513939, 115.371803, 48.641426 
頂点1042, 2.982970, 115.368729, 52.964825 
頂点1043, 13.492209, 107.468056, 47.456528 
頂点1044, -4.395279, 115.384872, 59.182575 
頂点1045, -14.142819, 115.427010, 65.330299 
頂点1046, -12.715199, 107.468056, 65.873405 
頂点1047, -10.867519, 138.041367, 18.354359 
頂点1048, -9.178569, 138.055511, 12.362189 
頂点1049, -10.207049, 138.006287, 45.181595 
頂点1050, -8.226029, 138.007980, 41.745277 
頂点1051, -21.606228, 107.129539, 62.338657 
頂点1052, -23.925158, 115.463524, 61.147167 
頂点1053, -44.778866, 107.129539, 53.621048 
頂点1054, -44.076096, 115.537445, 53.597496 
頂点1055, -52.156364, 115.586243, 34.951355 
頂点1056, -53.106407, 107.129539, 34.378475 
頂点1057, -57.776985, 115.619385, 22.655088 
頂点1058, -59.560127, 107.468056, 22.357368 
頂点1059, -43.694977, 115.605095, -2.528140 
頂点1060, -45.316315, 107.129539, -4.187409 
頂点1061, -34.262356, 107.468056, -6.934130 
頂点1062, -45.316315, 107.129539, -4.187409 
頂点1063, -43.694977, 115.605095, -2.528140 
頂点1064, -33.399075, 115.568069, -5.502850 
頂点1065, 13.492209, 107.468056, 47.456528 
頂点1066, 2.982970, 115.368729, 52.964825 
頂点1067, 12.341419, 111.341942, 16.854637 
頂点1068, 24.511478, 107.468056, 14.729209 
頂点1069, 10.913139, 107.532074, 3.973640 
頂点1070, 7.486959, 115.433495, 3.419630 
頂点1071, 21.002228, 107.468056, 38.549095 
頂点1072, 15.604239, 111.293015, 39.490437 
頂点1073, -0.012760, 107.527870, -14.387679 
頂点1074, -5.437129, 107.468056, -25.452478 
頂点1075, -7.517320, 112.415474, -16.820498 
頂点1076, -1.354480, 115.480110, -11.421479 
頂点1077, -27.968998, 112.475159, -11.941299 
頂点1078, -29.941738, 107.468056, -20.474308 
頂点1079, 6.060380, 107.753609, -9.651329 
頂点1080, -0.012760, 107.527870, -14.387679 
頂点1081, -1.354480, 115.480110, -11.421479 
頂点1082, 5.886119, 115.459656, -7.646850 
頂点1083, 10.913139, 107.532074, 3.973640 
頂点1084, 7.486959, 115.433495, 3.419630 
頂点1085, -42.084347, 124.461266, 7.393000 
頂点1086, -31.866968, 124.431389, 4.992489 
頂点1087, -53.448154, 124.472786, 27.715199 
頂点1088, -42.084347, 124.461266, 7.393000 
頂点1089, -48.912468, 124.446053, 37.637966 
頂点1090, -42.391895, 124.406639, 52.684895 
頂点1091, -26.130629, 124.347015, 58.777298 
頂点1092, -18.236547, 124.317566, 62.152977 
頂点1093, -5.751609, 124.283554, 57.191925 
頂点1094, 0.202440, 124.270546, 52.174355 
頂点1095, 1.409140, 124.273003, 47.053066 
頂点1096, 0.202440, 124.270546, 52.174355 
頂点1097, 3.194330, 124.270821, 40.435715 
頂点1098, -0.175710, 124.310310, 20.021358 
頂点1099, -0.781880, 124.322784, 12.192689 
頂点1100, -1.068770, 124.343880, 2.785990 
頂点1101, 5.886119, 115.459656, -7.646850 
頂点1102, -7.916689, 124.360382, 0.216310 
頂点1103, -12.889929, 121.527313, -4.140570 
頂点1104, -29.393908, 121.656715, -1.978580 
頂点1105, -38.581017, 138.134262, 15.133819 
頂点1106, -31.725248, 138.114243, 13.523109 
頂点1107, -46.205997, 138.141998, 28.769789 
頂点1108, -38.581017, 138.134262, 15.133819 
頂点1109, -43.162605, 138.124039, 35.427845 
頂点1110, -36.272305, 138.097641, 48.996346 
頂点1111, -27.876238, 138.057617, 49.612106 
頂点1112, -22.579397, 138.037842, 51.877125 
頂点1113, -14.202139, 138.015015, 48.548336 
頂点1114, -10.207049, 138.006287, 45.181595 
頂点1115, -4.256529, 133.445663, 39.319786 
頂点1116, -6.003210, 133.472137, 26.682919 
頂点1117, -15.654889, 138.066574, 10.318349 
頂点1118, -18.991879, 135.602554, 9.587909 
頂点1119, -30.065847, 135.634888, 12.229859 
頂点1120, -39.606426, 152.080338, 33.467346 
頂点1121, -33.390785, 149.920700, 24.100637 
頂点1122, -37.949207, 152.069305, 38.174175 
頂点1123, -35.095245, 152.053162, 45.045444 
頂点1124, -28.855167, 152.028610, 47.158627 
頂点1125, -24.463247, 152.016464, 48.224068 
頂点1126, -18.328598, 152.002487, 46.390736 
頂点1127, -14.127919, 146.258408, 43.564648 
頂点1128, -216.730942, 21.499998, 101.268295 
頂点1129, -216.730942, 0.000000, 101.268295 
頂点1130, -224.185547, 21.499998, 125.552216 
頂点1131, -224.185547, 0.000000, 125.552216 
頂点1132, -43.198425, 21.499998, 181.210403 
頂点1133, -43.198425, 0.000000, 181.210403 
頂点1134, 43.022606, 21.499998, 205.809738 
頂点1135, 43.022606, 0.000000, 205.809738 
頂点1136, 51.838356, 21.499998, 186.570557 
頂点1137, 51.838356, 0.000000, 186.570557 
頂点1138, 76.161316, 21.499998, 184.744339 
頂点1139, 76.161316, 0.000000, 184.744339 
頂点1140, 157.674179, 21.499998, 137.089859 
頂点1141, 157.674179, 0.000000, 137.089859 
頂点1142, 185.335648, 21.499998, -141.507065 
頂点1143, 185.335648, 0.000000, -141.507065 
頂点1144, 158.073593, 21.499998, -141.904449 
頂点1145, 158.073593, 0.000000, -141.904449 
頂点1146, 121.317055, 33.793446, 98.631554 
頂点1147, 116.449486, 33.793446, 108.168579 
頂点1148, 118.950752, 36.885757, 108.621620 
頂点1149, 122.957909, 36.885757, 100.770409 
頂点1150, 115.054276, 30.366909, 107.868744 
頂点1151, 120.352562, 30.366909, 97.487801 
頂点1152, 119.144035, 28.499998, 96.334175 
頂点1153, 113.490845, 28.499998, 107.410484 
頂点1154, -147.125076, 44.999996, 69.556480 
頂点1155, -197.493332, 50.931225, 71.693245 
頂点1156, -178.217255, 53.142178, 65.807816 
頂点1157, -159.905167, 54.934715, 70.319481 
頂点1158, -160.043900, 54.934715, 59.589657 
頂点1159, -178.621384, 53.142178, 55.077988 
頂点1160, -201.310684, 40.624878, -24.136429 
頂点1161, -201.310669, 21.653828, -24.136429 
頂点1162, -197.860580, 48.067657, -51.992046 
頂点1163, -207.372269, 42.359997, -59.465515 
頂点1164, -207.372269, 48.067657, -59.465508 
頂点1165, -185.786301, 58.339825, 66.476616 
頂点1166, -211.611496, 39.192818, 88.138596 
頂点1167, -222.397675, 52.306286, 84.373566 
頂点1168, -189.489426, 30.021957, 90.276039 
頂点1169, -142.453140, 44.999996, 89.543526 
頂点1170, -133.350571, 35.795776, 98.285629 
頂点1171, -109.696083, 44.999996, 85.835884 
頂点1172, -107.604385, 50.334488, 86.203659 
頂点1173, -98.731453, 29.999998, 84.739914 
頂点1174, -98.731453, 44.999996, 84.739922 
頂点1175, -142.123856, 44.999996, 69.257889 
頂点1176, -142.123856, 29.999998, 69.257889 
頂点1177, -142.453140, 44.999996, 89.543526 
頂点1178, -142.453140, 52.219696, 80.411819 
頂点1179, -117.580826, 44.999996, 31.197939 
頂点1180, -117.580826, 29.999998, 31.197939 
頂点1181, -125.801216, 44.999996, 41.055645 
頂点1182, -125.801216, 53.774155, 41.055656 
頂点1183, -117.580826, 50.861755, 31.197939 
頂点1184, -106.776146, 13.815429, 143.761551 
頂点1185, -106.776146, 0.000480, 143.761551 
頂点1186, -106.776146, 106.531670, 143.761551 
頂点1187, 143.032196, 51.740376, 31.235098 
頂点1188, 135.996124, 40.507885, 31.185118 
頂点1189, 168.614761, 20.829178, 22.827457 
頂点1190, 168.614761, 46.658478, 22.827457 
頂点1191, 166.062637, 59.426426, 22.827457 
頂点1192, 235.083176, 62.919647, 22.464197 
頂点1193, 243.094528, 62.919647, 15.354009 
頂点1194, 226.455856, 62.919647, 28.215738 
頂点1195, 228.030838, 15.147909, 79.281792 
頂点1196, 228.030838, 0.000480, 79.281792 
頂点1197, 228.030838, 62.919647, 79.281799 
頂点1198, -273.652802, 0.000000, 96.300735 
頂点1199, -273.652802, 20.055918, 96.300499 
頂点1200, -274.640869, 83.841583, 103.775070 
頂点1201, -287.858795, 0.000000, 104.975746 
頂点1202, -287.858795, 19.876577, 104.975571 
頂点1203, -282.807404, 83.841583, 108.762054 
頂点1204, -276.718597, 19.329178, 131.466080 
頂点1205, -276.718597, 0.000000, 131.466263 
頂点1206, -276.403229, 83.841705, 123.990540 
頂点1207, -264.095001, 19.679438, 114.514450 
頂点1208, -264.095001, 0.000000, 114.514679 
頂点1209, -269.146423, 83.841583, 114.245651 
頂点1210, -274.180634, 18.322147, 81.896629 
頂点1211, -274.180664, 0.000000, 81.896721 
頂点1212, -273.189392, 72.145729, 77.028709 
頂点1213, -265.317505, 18.996809, 49.250496 
頂点1214, -266.969269, 72.145599, 54.117855 
頂点1215, -246.307770, -0.000180, 12.646279 
頂点1216, -246.307755, 20.041449, 12.646019 
頂点1217, -245.924606, 61.257748, 17.107718 
頂点1218, -246.028259, 61.257866, 37.426865 
頂点1219, -252.585510, 61.257786, 27.471848 
頂点1220, -246.456909, 19.437178, 41.889446 
頂点1221, -246.456909, 19.437178, 41.889446 
頂点1222, -234.210587, 19.568268, 35.544476 
頂点1223, -234.210617, -0.000080, 35.544735 
頂点1224, -237.519165, 61.257816, 33.018215 
頂点1225, -234.210587, 19.568268, 35.544476 
頂点1226, -239.279114, 61.257748, 17.425499 
頂点1227, -236.743546, 20.032019, 13.103379 
頂点1228, -5.694300, 32.546837, 152.450562 
頂点1229, -7.792520, 49.829998, 153.223419 
頂点1230, 247.329819, 19.256578, -119.538559 
頂点1231, 247.329285, 0.000490, -119.536285 
頂点1232, 247.332245, 84.999992, -119.548920 
頂点1233, 252.476227, 19.357668, -124.429504 
頂点1234, 252.475693, 0.000490, -124.427216 
頂点1235, 252.478653, 84.999992, -124.439865 
頂点1236, 247.889816, 0.000490, -135.613144 
頂点1237, 247.890366, 19.588808, -135.615463 
頂点1238, 247.892776, 84.999992, -135.625793 
頂点1239, 206.355225, 0.000490, -137.884125 
頂点1240, 206.355759, 19.635748, -137.886459 
頂点1241, 206.358185, 84.999992, -137.896774 
頂点1242, 197.261475, 0.000490, -128.207993 
頂点1243, 197.262024, 19.435827, -128.210297 
頂点1244, 197.264435, 84.999992, -128.220642 
頂点1245, 154.592728, 19.140669, -113.929619 
頂点1246, 154.592194, 0.000490, -113.927361 
頂点1247, 154.595154, 84.999992, -113.940002 
頂点1248, 150.475235, 0.000490, -117.733101 
頂点1249, 150.475754, 19.219349, -117.735382 
頂点1250, 150.478195, 84.999992, -117.745743 
頂点1251, 168.536087, 0.000490, -15.015869 
頂点1252, 168.536560, 17.096638, -15.017900 
頂点1253, 168.539047, 84.999992, -15.028509 
頂点1254, 246.510971, 16.809639, -1.129610 
頂点1255, 246.510498, 0.000490, -1.127620 
頂点1256, 246.963486, 0.000490, -27.324568 
頂点1257, 246.963974, 17.350988, -27.326628 
頂点1258, 246.966446, 84.999992, -27.337208 
頂点1259, 246.513458, 84.999992, -1.140260 
頂点1260, -195.169647, 26.476217, 72.589439 
頂点1261, -196.967819, 27.669558, 98.703285 
頂点1262, -109.696091, 29.999998, 85.835884 
頂点1263, -125.801216, 29.999998, 41.055645 
頂点1264, -5.694290, 20.153679, 152.450562 
頂点1265, -207.372269, 0.000490, -59.465515 
頂点1266, -192.419022, 53.522457, 43.400345 
頂点1267, -196.305923, 44.017876, 75.951675 
頂点1268, -194.405197, 37.165096, 82.047920 
頂点1269, -140.670242, 62.063286, 57.731907 
頂点1270, 125.109245, 45.744896, 27.015537 
頂点1271, -146.202194, 44.999996, 58.262367 
頂点1272, -192.419022, 26.499508, 43.400345 
頂点1273, -192.419022, 53.522457, 43.400345 
頂点1274, -185.451965, 26.188768, 59.524445 
頂点1275, -183.635117, 44.295525, 62.956177 
頂点1276, -185.786301, 58.339825, 66.476616 
頂点1277, -144.090271, 44.999996, 53.680847 
頂点1278, -151.257492, 48.576477, 59.280426 
頂点1279, -140.670242, 62.063286, 57.731907 
頂点1280, -148.944901, 47.232376, 68.348732 
頂点1281, -142.123856, 61.974796, 69.257904 
頂点1282, -142.123856, 29.999998, 69.257889 
頂点1283, -146.527802, 38.537506, 44.310535 
頂点1284, -93.894775, 33.995407, -78.217400 
頂点1285, -85.119263, 43.306286, -67.737045 
頂点1286, -78.318520, 52.701588, -51.949905 
頂点1287, -41.001286, 35.395237, 134.361221 
頂点1288, 76.649384, 20.753347, -9.948019 
頂点1289, 78.651131, 36.191437, -9.948019 
頂点1290, 84.789169, 55.176445, -9.948019 
頂点1291, 82.187950, 47.130856, -9.948019 
頂点1292, 12.342369, 68.879211, -92.855705 
頂点1293, -78.318520, 36.673077, -73.423851 
頂点1294, -122.637329, 21.180199, -2.296930 
頂点1295, -120.634186, 39.573715, -1.753240 
頂点1296, -113.251205, 20.753347, -23.361778 
頂点1297, -116.268211, 33.566315, -24.473688 
頂点1298, -78.655716, 71.513596, 7.195089 
頂点1299, 24.022308, 89.876503, 59.372715 
頂点1300, 30.621729, 73.664276, 61.303646 
頂点1301, -34.023087, 107.791405, -43.923786 
頂点1302, 44.032898, 98.267685, 10.415189 
頂点1303, 30.984558, 107.707153, -39.470867 
頂点1304, -34.023087, 107.791405, -43.923786 
頂点1305, -73.684479, 86.842079, 20.010489 
頂点1306, -11.505610, 82.202644, 100.209122 
頂点1307, -53.106407, 107.129539, 34.378475 
頂点1308, -19.328487, 150.928299, 21.146948 
頂点1309, 10.913139, 107.532074, 3.973640 
頂点1310, -9.178569, 138.055511, 12.362189 
頂点1311, -39.606426, 152.080338, 33.467346 
頂点1312, -33.390785, 149.920700, 24.100637 
